0.000000000000000000e+00 3.752081149157553863e+00 3.773300950166286416e+00
1.000000000000000000e+00 8.239860173285861178e-01 -8.457983753028743834e-01
2.000000000000000000e+00 3.725914579549371997e+00 4.800638023632274098e+00
3.000000000000000000e+00 1.683482234153114376e+00 1.762630837978511611e+00
4.000000000000000000e+00 -1.355259701872273848e+00 -2.181127365799060414e-01
5.000000000000000000e+00 -5.652636673528681488e-01 3.883501048767460384e-01
6.000000000000000000e+00 -2.142378753773530597e-01 5.289652142794254441e-01
7.000000000000000000e+00 1.957760672814266689e+00 2.638683615910886182e+00
8.000000000000000000e+00 8.811423650509291328e-01 4.967552059084278326e+00
9.000000000000000000e+00 3.117501615722467978e+00 3.407973232783640061e+00
1.000000000000000000e+01 1.617278048823651559e-01 1.310555023127834673e+00
1.100000000000000000e+01 2.877329419813759337e+00 1.299467443923489229e+00
1.200000000000000000e+01 7.920425939715109998e-01 2.087152683599130754e+00
1.300000000000000000e+01 2.954068485397017163e+00 -1.397650278907358601e+00
1.400000000000000000e+01 2.031086033056888063e+00 1.688952257294246806e+00
1.500000000000000000e+01 2.775600873396673052e-01 6.636241249933558795e-01
1.600000000000000000e+01 2.337147599397741526e+00 1.348273190133611577e+00
1.700000000000000000e+01 -3.949141632894608733e+00 -4.612606357379869237e+00
1.800000000000000000e+01 1.313234545509209372e+00 5.902103077694933475e-01
1.900000000000000000e+01 2.580303611893614235e+00 -1.574326758858247022e+00
2.000000000000000000e+01 1.445469978353914664e+00 1.653563120211828164e+00
2.100000000000000000e+01 1.225760285574735375e+00 2.702177890122653192e+00
2.200000000000000000e+01 1.187930782148903130e+00 6.434758026451370405e-01
2.300000000000000000e+01 3.259222393911587190e+00 3.097977531642065685e+00
2.400000000000000000e+01 2.351177671650182432e+00 2.523751820174096494e+00
2.500000000000000000e+01 -1.026687449167550170e+00 2.192883340000820525e+00
2.600000000000000000e+01 9.392982419701464414e-01 2.137146479583433401e+00
2.700000000000000000e+01 3.012526208019139062e+00 1.249485844215310060e+00
2.800000000000000000e+01 1.787098813205575398e-01 8.372371356444935353e-01
2.900000000000000000e+01 3.378654484480980269e+00 4.408585484413411137e+00
3.000000000000000000e+01 4.106861943187249508e+00 5.341290534227411957e-01
3.100000000000000000e+01 3.214824840160663832e+00 -1.072765228781636715e+00
3.200000000000000000e+01 2.748992838353617962e+00 2.175664314820122236e+00
3.300000000000000000e+01 4.934281175187360091e+00 9.495959514134026946e-01
3.400000000000000000e+01 1.435987892012481559e+00 1.647065013367397635e+00
3.500000000000000000e+01 4.027588158368576643e+00 1.671665538293489073e+00
3.600000000000000000e+01 -1.796032525672722535e+00 9.290568850398069900e-01
3.700000000000000000e+01 1.651544016143229987e+00 4.128220241900377729e+00
3.800000000000000000e+01 2.265010395750008954e-01 -1.280968177980176481e+00
3.900000000000000000e+01 1.710003289348322131e+00 9.090073591375683604e-01
4.000000000000000000e+01 2.453122666984769218e+00 3.541869003761278778e-01
4.100000000000000000e+01 1.575298804356997984e+00 -6.938664433317469626e-01
4.200000000000000000e+01 -2.976814031194232602e-01 9.113062448129313209e-01
4.300000000000000000e+01 1.466253157423303977e+00 3.280648712015577395e+00
4.400000000000000000e+01 -2.031551110043609221e+00 -1.819800566207999459e+00
4.500000000000000000e+01 2.755974531137064254e+00 2.057571693769696175e+00
4.600000000000000000e+01 -8.879141484650705518e-01 -1.229611738320920633e+00
4.700000000000000000e+01 1.461218236047161723e+00 -1.184761444624120585e-01
4.800000000000000000e+01 1.468900932671323822e+00 2.687093163697059417e+00
4.900000000000000000e+01 1.567702233987286808e+00 3.253211054253690726e-01
5.000000000000000000e+01 1.405409004128767236e+00 4.205122940492001860e+00
5.100000000000000000e+01 2.390884589866275611e+00 1.869329048583664221e+00
5.200000000000000000e+01 -1.297193223474245816e+00 2.758177735165447952e-01
5.300000000000000000e+01 2.056000449848914613e+00 1.719701380822440839e+00
5.400000000000000000e+01 3.056306584786348424e+00 2.181254659243706762e+00
5.500000000000000000e+01 -1.843237571886742643e+00 -1.046650332653700666e+00
5.600000000000000000e+01 3.147143203737403194e+00 3.014154000824776691e+00
5.700000000000000000e+01 -6.250443151718296786e-01 1.118902923580994191e+00
5.800000000000000000e+01 3.219370121220136216e+00 2.287630234309317778e+00
5.900000000000000000e+01 1.013281806937983420e+00 7.712004958537328481e-01
6.000000000000000000e+01 5.157449809818857034e-01 3.464010966827768101e+00
6.100000000000000000e+01 2.431584195081014421e+00 4.501848982333398475e+00
6.200000000000000000e+01 4.525757924681448330e+00 3.114373001219572945e+00
6.300000000000000000e+01 -3.201953525268841361e-01 1.449993451971152592e+00
6.400000000000000000e+01 2.117070821643427525e+00 -1.188226264796602649e+00
6.500000000000000000e+01 -6.106561289900436229e-02 2.209421864334555785e+00
6.600000000000000000e+01 5.883056408883615696e-01 5.756880534816362083e-01
6.700000000000000000e+01 1.240401796407966106e-01 3.387487357572413149e+00
6.800000000000000000e+01 1.203900338289357830e+00 -8.947376856920703503e-01
6.900000000000000000e+01 1.177549817736634363e+00 -8.440212435356835297e-01
7.000000000000000000e+01 2.387123691594161823e+00 1.560140300794164325e+00
7.100000000000000000e+01 3.088417855162192360e+00 2.750705009514224031e+00
7.200000000000000000e+01 2.742401341531278014e+00 1.952066474688828990e+00
7.300000000000000000e+01 3.551279961143659847e+00 9.827598718587206017e-01
7.400000000000000000e+01 2.852637135661395096e+00 3.893490356257020668e+00
7.500000000000000000e+01 3.895470043341173749e+00 4.927264259384167566e-03
7.600000000000000000e+01 1.556844435572162677e+00 4.135237862873031744e+00
7.700000000000000000e+01 4.861183608244232790e-01 1.757095751635552094e+00
7.800000000000000000e+01 4.362943365455940192e-02 1.055599748430965601e+00
7.900000000000000000e+01 -3.824612068832258238e-01 2.128919230929218642e+00
8.000000000000000000e+01 1.415903353836592160e+00 -1.741194672584057912e+00
8.100000000000000000e+01 7.283549195951555255e-02 9.779953133866549075e-01
8.200000000000000000e+01 -4.336536615158201879e-01 1.859296946328101940e+00
8.300000000000000000e+01 5.376062242292967142e-01 2.646900242789729241e+00
8.400000000000000000e+01 -5.493135175808983028e-02 -5.875217412218975976e-01
8.500000000000000000e+01 2.540620421158506836e+00 -1.392802229094641131e+00
8.600000000000000000e+01 -2.045814443064748467e-01 -1.657870662487623825e-01
8.700000000000000000e+01 1.898138935288605111e+00 -1.730659507961402888e-01
8.800000000000000000e+01 2.129290218091599129e+00 2.603179931986505657e+00
8.900000000000000000e+01 6.602502029397357974e-01 2.018091060195367437e+00
9.000000000000000000e+01 -3.940205351185732674e-01 6.334074510390875767e-01
9.100000000000000000e+01 3.025039925012476871e+00 2.045793158971680903e+00
9.200000000000000000e+01 -5.621379457001918212e-03 1.640444821129587893e+00
9.300000000000000000e+01 -9.335271499202992818e-01 -1.570810176646422196e-01
9.400000000000000000e+01 2.135054660071467048e+00 -2.362453888916100642e+00
9.500000000000000000e+01 2.476433824610793533e+00 2.811030894762037491e+00
9.600000000000000000e+01 -1.241894181024690624e+00 -6.807536279450356886e-01
9.700000000000000000e+01 9.246419681626275588e-01 1.400593496536753024e+00
9.800000000000000000e+01 4.903746066053966679e-01 2.814897527491174944e+00
9.900000000000000000e+01 -6.786996849854110003e-01 2.423242958389468349e+00
1.000000000000000000e+02 2.159545953689400388e+00 3.394092520850888306e+00
1.010000000000000000e+02 -1.943772816738138065e+00 2.367860882450378401e+00
1.020000000000000000e+02 1.530847418413541661e+00 -2.561908666916246080e-01
1.030000000000000000e+02 3.782401706288129439e+00 3.165107748858096315e+00
1.040000000000000000e+02 -2.741441394202460469e+00 8.728983068760298725e-02
1.050000000000000000e+02 3.264722006850231839e+00 4.472803669425493567e+00
1.060000000000000000e+02 -5.977775911260427844e-01 8.051676067628121825e-02
1.070000000000000000e+02 1.444692525230663716e+00 -4.679604897756781678e-01
1.080000000000000000e+02 -1.252249184794984593e-01 -1.905486225482177165e+00
1.090000000000000000e+02 5.965927939519251044e-01 2.438836639505127302e+00
1.100000000000000000e+02 -2.644350878661714255e-01 1.306430242042735612e+00
1.110000000000000000e+02 3.558004253702451436e+00 7.191823037680765696e-01
1.120000000000000000e+02 -1.519275568929725484e-01 9.591353332514226393e-01
1.130000000000000000e+02 3.016736240076105524e-01 1.356931586439205972e+00
1.140000000000000000e+02 3.579806521608150049e+00 2.748291672993990353e+00
1.150000000000000000e+02 1.694710622372867626e+00 1.493593565052735883e+00
1.160000000000000000e+02 -2.125207542896351054e+00 -8.197884356319382615e-01
1.170000000000000000e+02 -5.263505099110050711e-01 1.156215246918527617e+00
1.180000000000000000e+02 -4.277190028941202371e-02 2.803565077835926012e+00
1.190000000000000000e+02 2.530986868682104651e-01 1.696796318592937780e+00
1.200000000000000000e+02 4.756500797143816683e-01 1.280069930555584268e+00
1.210000000000000000e+02 1.385497507525902838e+00 1.632072475180442739e+00
1.220000000000000000e+02 2.367034195322537116e+00 2.768092291669201011e+00
1.230000000000000000e+02 2.610112381274778848e+00 -1.989390929824119691e-01
1.240000000000000000e+02 9.139968632711616969e-01 1.380310077350685338e+00
1.250000000000000000e+02 3.142948010812408821e+00 1.146702450639054849e+00
1.260000000000000000e+02 -1.290563411436903785e+00 4.068670239275574474e+00
1.270000000000000000e+02 1.306181610566450768e+00 9.301869031715254144e-01
1.280000000000000000e+02 2.318328260235944072e+00 1.810271231914473145e+00
1.290000000000000000e+02 1.825707155338311294e+00 1.482378550698125741e+00
1.300000000000000000e+02 8.855221426515198502e-01 7.125625657397283153e-01
1.310000000000000000e+02 3.639436120155794541e+00 -1.074710027704756321e+00
1.320000000000000000e+02 2.902977765668181220e+00 2.200226402120178726e+00
1.330000000000000000e+02 2.425097839658882037e+00 5.955998873994715614e-01
1.340000000000000000e+02 1.297998410925973012e+00 1.165803757117476191e+00
1.350000000000000000e+02 3.393447501878085415e+00 2.079168484676128692e+00
1.360000000000000000e+02 -1.841395269244954225e-01 3.218913613123135953e+00
1.370000000000000000e+02 -8.309976250260970865e-01 8.295541826415808728e-02
1.380000000000000000e+02 1.615835628744043184e+00 1.663277837947447324e+00
1.390000000000000000e+02 2.083068143401893391e+00 2.557959663614227441e+00
1.400000000000000000e+02 3.238454210026041391e+00 3.162550548354034152e+00
1.410000000000000000e+02 -9.176045258873970489e-01 1.975438730144079891e+00
1.420000000000000000e+02 2.564992692502021665e+00 1.568965716303219793e+00
1.430000000000000000e+02 -8.966771176696064494e-01 2.383753995261334246e+00
1.440000000000000000e+02 2.623066581245617979e+00 1.274228981336004818e+00
1.450000000000000000e+02 -6.933137795570012418e-01 -1.060515797407107108e+00
1.460000000000000000e+02 2.238427282345538671e+00 2.957496146205461862e+00
1.470000000000000000e+02 2.444429599613893611e+00 2.147611433147460502e-01
1.480000000000000000e+02 3.824508008771128953e+00 1.553801515352371876e+00
1.490000000000000000e+02 -2.926810294948967162e-02 -2.970046098937523027e+00
1.500000000000000000e+02 -1.536086777112306567e-01 1.869855479465115433e+00
1.510000000000000000e+02 6.569090926235445771e-01 2.541336983746033118e-01
1.520000000000000000e+02 -1.635525291012313698e+00 -2.995050278304481228e+00
1.530000000000000000e+02 2.164551785940674211e+00 2.513699013656255588e+00
1.540000000000000000e+02 1.824907693818712762e+00 1.862048457845039362e+00
1.550000000000000000e+02 2.755510351572196814e-01 2.558258341705841321e-01
1.560000000000000000e+02 2.123785671528050756e+00 2.598103913718846414e+00
1.570000000000000000e+02 1.315682328066025253e+00 4.378716265063792967e+00
1.580000000000000000e+02 -4.671334483231861512e-01 -2.976121762559857942e-02
1.590000000000000000e+02 2.605040722289369004e+00 -2.888472615276899802e+00
1.600000000000000000e+02 -7.112575950552875170e-01 7.226885246875685009e-01
1.610000000000000000e+02 -8.002624866567553674e-01 -1.706042584001259410e+00
1.620000000000000000e+02 9.579649178871390003e-01 1.050718867277541824e+00
1.630000000000000000e+02 1.142133362561606802e+00 -9.315593450660908381e-02
1.640000000000000000e+02 4.135253906434149584e+00 1.289552908207326265e+00
1.650000000000000000e+02 -4.210673704763898684e-01 -9.216450922591858941e-01
1.660000000000000000e+02 1.336958937396498071e+00 7.718265136562441064e-02
1.670000000000000000e+02 -3.564946968451685461e-01 -4.615320210243296639e-01
1.680000000000000000e+02 1.672024448093648585e+00 -1.120250041551894338e+00
1.690000000000000000e+02 2.122837998257203651e+00 1.977500944099868541e+00
1.700000000000000000e+02 1.993178176342737640e+00 -1.458110912672464732e+00
1.710000000000000000e+02 1.666027366173928215e+00 -3.114852644440804230e-01
1.720000000000000000e+02 -5.654355228786875909e-01 2.309289818312032505e-02
1.730000000000000000e+02 7.483702469455846273e-01 1.670230847535137286e+00
1.740000000000000000e+02 1.802632960493008252e+00 1.981625613018415555e+00
1.750000000000000000e+02 -3.710016362019852298e-01 4.110298599050864254e+00
1.760000000000000000e+02 -3.463380444298358452e-01 1.378462357248041448e-01
1.770000000000000000e+02 2.310490196501288729e+00 3.851241577599732846e+00
1.780000000000000000e+02 3.828475458328575165e+00 -1.952545579292111366e+00
1.790000000000000000e+02 2.345290011445042566e+00 9.679083388306461977e-01
1.800000000000000000e+02 -5.626522789390058232e-01 1.023294512340300333e-01
1.810000000000000000e+02 3.682574292290669682e+00 1.393714037561483821e+00
1.820000000000000000e+02 1.505971202884718307e+00 -2.537438230637698133e+00
1.830000000000000000e+02 -2.685977312707232834e-02 -1.195257995962876851e+00
1.840000000000000000e+02 8.984634380398673903e-01 1.261989698594391474e+00
1.850000000000000000e+02 4.419524546513489138e-01 6.996363770740978705e-01
1.860000000000000000e+02 2.417859886695374882e+00 2.490628242725983377e+00
1.870000000000000000e+02 1.582772285631111053e+00 2.429395961815047578e+00
1.880000000000000000e+02 4.484062999433594321e+00 2.452981136519421845e+00
1.890000000000000000e+02 1.216601661912037891e+00 5.201292096588744585e+00
1.900000000000000000e+02 -3.830626910538608154e-01 1.702524105995595782e+00
1.910000000000000000e+02 8.340766645679900115e-01 4.434209113069890185e-01
1.920000000000000000e+02 1.728575645525259441e+00 4.414184831496176242e-01
1.930000000000000000e+02 2.001752247409765317e+00 2.860852457868297005e+00
1.940000000000000000e+02 -3.556863768280866811e-01 2.417959229928042575e+00
1.950000000000000000e+02 3.211690172084646022e+00 3.780146846406603700e+00
1.960000000000000000e+02 1.140197683020757191e-01 -8.447405852161125051e-01
1.970000000000000000e+02 1.473624943835262879e+00 2.332251406269934879e+00
1.980000000000000000e+02 7.954351156546071167e-01 1.420960439689615162e+00
1.990000000000000000e+02 1.566675669444523855e+00 1.905906221940123713e+00
2.000000000000000000e+02 1.579494350965533478e-01 6.062012169102113379e-01
2.010000000000000000e+02 2.643304799991736509e+00 1.340451440633912528e+00
2.020000000000000000e+02 3.213570054672916676e+00 1.730646089749229954e+00
2.030000000000000000e+02 2.989928647362005698e-01 6.058140230148005845e-01
2.040000000000000000e+02 7.490251396944836992e-01 2.334146080640969734e-01
2.050000000000000000e+02 1.910808960483655561e+00 -1.175207832625908999e+00
2.060000000000000000e+02 6.778116267228029290e-01 2.267594170238569795e+00
2.070000000000000000e+02 9.685257767726109801e-01 2.009093698829959695e+00
2.080000000000000000e+02 2.757117210994072476e+00 3.198026610766874445e+00
2.090000000000000000e+02 -1.603302971364431784e+00 6.892713938825689723e-01
2.100000000000000000e+02 1.525014278562110803e+00 5.552527454292343734e+00
2.110000000000000000e+02 2.662491656993230205e+00 3.434176509228176188e-01
2.120000000000000000e+02 1.207285112942406480e+00 1.483985805592211271e+00
2.130000000000000000e+02 2.867076491506797886e+00 2.574235652583136691e-01
2.140000000000000000e+02 -7.722534049167282255e-01 -1.903449452103149309e+00
2.150000000000000000e+02 1.243300670997025126e-01 2.467893930510137501e+00
2.160000000000000000e+02 3.059176350433393532e-01 -3.604474146762459696e-01
2.170000000000000000e+02 7.093010799339747319e-01 2.343336562372581255e+00
2.180000000000000000e+02 -3.161208941493247604e-01 3.505098034774166704e-01
2.190000000000000000e+02 4.163400568473971664e-01 3.023890211152890473e+00
2.200000000000000000e+02 -1.354732949919834617e-01 1.933428983398116419e+00
2.210000000000000000e+02 5.900550426413073701e-01 2.712790976002876775e-01
2.220000000000000000e+02 -4.275390533366465462e-01 1.105944661471443657e+00
2.230000000000000000e+02 3.141410001863833568e+00 3.509937209118906498e+00
2.240000000000000000e+02 1.174555749554733630e+00 -8.024656229081217340e-01
2.250000000000000000e+02 -3.400108142520782195e+00 2.500305909022237927e-01
2.260000000000000000e+02 3.478855715862501530e+00 9.646263445230827127e-01
2.270000000000000000e+02 4.007043751003813714e-02 -1.576060649951278592e+00
2.280000000000000000e+02 4.873717642851124410e+00 2.152801742196134960e+00
2.290000000000000000e+02 3.278627882686546702e+00 6.359003454591156679e-01
2.300000000000000000e+02 5.050300008363165283e+00 7.410043739865277423e-01
2.310000000000000000e+02 1.301312421314923640e+00 -1.165621148706843524e-01
2.320000000000000000e+02 1.540805467931584793e+00 -1.153511883439264363e+00
2.330000000000000000e+02 9.502204125854025740e-01 1.776360661279235309e+00
2.340000000000000000e+02 -4.622903492983607698e-01 9.235202051050616090e-01
2.350000000000000000e+02 1.639357009744172977e+00 4.917064523645420238e+00
2.360000000000000000e+02 2.859905250569760859e+00 1.664904696414917673e+00
2.370000000000000000e+02 1.958606797882992856e+00 2.004456691490075215e+00
2.380000000000000000e+02 -6.571181526670155648e-02 2.992450305821694911e+00
2.390000000000000000e+02 -3.808223581710279415e-01 -7.339995286880494074e-01
2.400000000000000000e+02 -1.309831522114435209e-01 -2.097229359944833060e+00
2.410000000000000000e+02 1.272464949512633003e+00 -9.794138902324334151e-01
2.420000000000000000e+02 3.385511478995276713e-01 -4.123018022725428722e-01
2.430000000000000000e+02 3.219591096504199612e-01 2.327159462039093185e+00
2.440000000000000000e+02 2.157753584204660235e-01 -7.371295381619078491e-01
2.450000000000000000e+02 -1.580968402756404156e-01 2.484241581904234941e+00
2.460000000000000000e+02 -2.101302862462224308e+00 2.043613439961687206e+00
2.470000000000000000e+02 1.809095737748076971e+00 1.514799399060357654e+00
2.480000000000000000e+02 1.749423349661014093e+00 2.942215810004686904e+00
2.490000000000000000e+02 -1.448418110061711062e+00 8.646401415552398273e-01
2.500000000000000000e+02 7.317860063804927151e+00 9.726712274115103085e+00
2.510000000000000000e+02 7.795302573808008617e+00 3.658902851135970913e+00
2.520000000000000000e+02 7.715298249664140684e+00 7.582391151525269990e+00
2.530000000000000000e+02 7.232254138073439975e+00 6.583103801274488021e+00
2.540000000000000000e+02 7.972413293470626883e+00 7.547042130908000246e+00
2.550000000000000000e+02 7.636779451703947785e+00 8.165453829088269444e+00
2.560000000000000000e+02 7.900371942796244440e+00 2.151085126172942452e+00
2.570000000000000000e+02 7.486744714762858521e+00 5.226266303134642577e+00
2.580000000000000000e+02 7.256674573488575142e+00 8.573929731829803558e+00
2.590000000000000000e+02 7.696469454981976988e+00 3.557619740173276757e+00
2.600000000000000000e+02 7.753851208570202047e+00 6.009703678324642695e+00
2.610000000000000000e+02 7.613002672507870550e+00 3.216605536372689755e+00
2.620000000000000000e+02 7.221296744307325710e+00 7.824035144194530389e+00
2.630000000000000000e+02 7.638071829893164022e+00 8.780502622149876757e+00
2.640000000000000000e+02 7.063324952706745208e+00 8.032711088330845683e+00
2.650000000000000000e+02 7.811287809706514373e+00 1.953545173445840888e+00
2.660000000000000000e+02 7.964631771584519626e+00 5.935964681993634251e+00
2.670000000000000000e+02 7.811872913460575774e+00 2.784838988570240481e+00
2.680000000000000000e+02 7.133588855279676899e+00 9.297281155667914021e+00
2.690000000000000000e+02 7.805034479350172916e+00 7.186068417553974186e+00
2.700000000000000000e+02 7.587190986118786284e+00 1.761513757293070581e+00
2.710000000000000000e+02 7.011092599008904358e+00 8.815311459750702738e+00
2.720000000000000000e+02 7.463680534900566599e+00 3.244780268767188947e+00
2.730000000000000000e+02 7.552085203080238784e+00 5.962190065880895062e+00
2.740000000000000000e+02 7.841844720072474573e+00 5.062013269668456772e+00
2.750000000000000000e+02 7.762833051462167511e+00 7.740437067402955229e+00
2.760000000000000000e+02 7.236162653462161032e+00 1.050314705355835931e+00
2.770000000000000000e+02 7.881473331742722799e+00 1.586043875562728189e+00
2.780000000000000000e+02 7.616925864597840601e+00 2.577115928209416040e+00
2.790000000000000000e+02 7.297675625275584110e+00 7.995891413540405779e+00
2.800000000000000000e+02 7.482897083378005298e+00 2.267217589323615723e+00
2.810000000000000000e+02 7.491217763347007619e+00 6.306152527804133712e+00
2.820000000000000000e+02 7.140846031902702506e+00 8.097338593343584634e+00
2.830000000000000000e+02 7.662030519041667098e+00 7.454427789637781743e+00
2.840000000000000000e+02 7.462163081599964443e+00 9.842223239608404839e+00
2.850000000000000000e+02 7.433976151528483456e+00 2.849056418247156941e+00
2.860000000000000000e+02 7.603148360167377717e+00 7.047074629253834210e+00
2.870000000000000000e+02 7.923504278391080291e+00 2.907395026967951601e+00
2.880000000000000000e+02 7.642541249216821875e+00 2.840620076138033134e+00
2.890000000000000000e+02 7.393040788896537485e+00 5.411462175835538346e+00
2.900000000000000000e+02 7.458711341332490363e+00 4.637876103903380454e+00
2.910000000000000000e+02 7.730054769295732875e+00 7.598137913129575871e+00
2.920000000000000000e+02 7.943592593182852823e+00 1.644514109349419773e+00
2.930000000000000000e+02 7.872988728868550723e+00 4.546616523041278946e+00
2.940000000000000000e+02 7.598239611317596953e+00 3.691775542457681247e+00
2.950000000000000000e+02 7.643057488194785698e+00 2.356054940004953302e+00
2.960000000000000000e+02 7.159857737875474193e+00 2.863008988258606280e+00
2.970000000000000000e+02 7.190091075919403885e+00 8.840080767143824403e+00
2.980000000000000000e+02 7.560886673588670170e+00 4.150882073413763251e+00
2.990000000000000000e+02 7.749761436359521305e+00 7.326080087491475545e+00
3.000000000000000000e+02 7.601051944021637752e+00 9.990646986470112623e+00
3.010000000000000000e+02 7.421878975353049412e+00 7.843074801419280817e+00
3.020000000000000000e+02 7.946934453746411720e+00 6.906065497770780048e+00
3.030000000000000000e+02 7.204913834183806820e+00 9.255435957809316605e+00
3.040000000000000000e+02 7.604905786199346984e+00 1.104949650569243547e+00
3.050000000000000000e+02 7.445981269703958461e+00 2.577008011172998714e-02
3.060000000000000000e+02 7.385650566201647393e+00 6.369277074379305681e+00
3.070000000000000000e+02 7.988936925513069554e+00 3.513849410549264363e+00
3.080000000000000000e+02 7.017372515577951830e+00 8.544973489141028722e+00
3.090000000000000000e+02 7.247979837807392300e+00 7.811658704740940706e+00
3.100000000000000000e+02 7.050771003812439375e+00 5.444977309309329883e+00
3.110000000000000000e+02 7.341187403665752065e+00 7.515489373013859442e+00
3.120000000000000000e+02 7.892192071963770594e+00 2.740965741072403095e+00
3.130000000000000000e+02 7.876037807784960876e+00 8.142377586777145737e+00
3.140000000000000000e+02 7.474492223487277265e+00 4.900627705742667040e+00
3.150000000000000000e+02 7.184956148049819191e+00 8.953233478703792603e-01
3.160000000000000000e+02 7.986431343593028309e+00 7.613302094769949235e+00
3.170000000000000000e+02 7.304340828355589288e+00 8.427967390035417949e+00
3.180000000000000000e+02 7.783877226242109870e+00 5.830312000691439955e-01
3.190000000000000000e+02 7.970977493833744099e+00 7.034827914578273500e+00
3.200000000000000000e+02 7.959588885912579848e+00 8.236520163954173412e+00
3.210000000000000000e+02 7.966607836118291708e+00 6.829941400967463494e+00
3.220000000000000000e+02 7.038653945511947896e+00 1.020892240808269902e+00
3.230000000000000000e+02 7.008853383122223057e+00 3.974538717563331769e+00
3.240000000000000000e+02 7.187602542602323119e+00 6.279366037675721657e+00
3.250000000000000000e+02 7.667021277212278996e+00 7.167080474754606634e+00
3.260000000000000000e+02 7.670502591932236491e+00 5.698425510903360802e+00
3.270000000000000000e+02 7.750422855174129211e+00 5.131044297449223635e+00
3.280000000000000000e+02 7.080648976464634536e+00 1.168698464937345527e+00
3.290000000000000000e+02 7.018451696135872275e+00 5.171277193265111372e-01
3.300000000000000000e+02 7.116107835706990237e+00 1.178822660200165018e+00
3.310000000000000000e+02 7.879564366376873963e+00 7.127798070336841540e+00
3.320000000000000000e+02 7.460207184666105107e+00 2.769213786473974093e+00
3.330000000000000000e+02 7.749289096608486638e+00 8.219273332829535761e+00
3.340000000000000000e+02 7.692648882409272915e+00 7.869222532849062812e-01
3.350000000000000000e+02 7.053913101845189715e+00 5.792297742238994296e-01
3.360000000000000000e+02 7.506758429456847459e+00 6.722631943738472948e+00
3.370000000000000000e+02 7.360737803803607981e+00 9.762198590220174665e+00
3.380000000000000000e+02 7.347799548624181831e+00 5.410757589794550348e+00
3.390000000000000000e+02 7.263351258373489827e+00 3.820131339022784012e+00
3.400000000000000000e+02 7.611934272772089116e+00 2.563844280123231734e+00
3.410000000000000000e+02 7.833639342446288900e+00 4.764934390400927811e+00
3.420000000000000000e+02 7.885443875101947775e+00 5.628641114811160584e+00
3.430000000000000000e+02 7.934146599819669632e+00 5.428922113742773448e+00
3.440000000000000000e+02 7.283907435347547477e+00 6.519482207922671968e+00
3.450000000000000000e+02 7.708252010674587318e+00 3.411934166969979643e+00
3.460000000000000000e+02 7.682272269405777010e+00 5.824845183020891604e+00
3.470000000000000000e+02 7.094797512862027311e+00 1.148803234578757992e+00
3.480000000000000000e+02 7.031386150700392967e+00 1.025224541223784813e+00
3.490000000000000000e+02 7.226674008944768524e+00 7.007183275335359340e+00
3.500000000000000000e+02 7.070850350621969760e+00 4.373897714638893319e+00
3.510000000000000000e+02 6.207724482061331095e+00 5.832926048212906167e+00
3.520000000000000000e+02 6.510420398355092786e+00 5.862194749893491874e+00
3.530000000000000000e+02 8.410058848752616001e+00 5.804152367359658449e+00
3.540000000000000000e+02 8.197400731249922856e+00 5.249120478904096387e+00
3.550000000000000000e+02 8.545739527077396147e+00 5.631303143578165304e+00
3.560000000000000000e+02 7.157173524522827179e+00 4.315189482604048443e+00
3.570000000000000000e+02 6.233776564728046310e+00 4.172003343942827236e+00
3.580000000000000000e+02 7.031998309261064506e+00 4.896896912778260003e+00
3.590000000000000000e+02 7.251109297427248634e+00 4.690851481852322813e+00
3.600000000000000000e+02 8.274150624514422958e+00 5.624571559591789338e+00
3.610000000000000000e+02 8.745900917338106595e+00 4.555501337241597781e+00
3.620000000000000000e+02 8.590508272499951303e+00 4.924786070254209669e+00
3.630000000000000000e+02 6.482292253450253838e+00 5.992299585279843299e+00
3.640000000000000000e+02 6.563814288120233265e+00 4.325903859346415636e+00
3.650000000000000000e+02 8.809959779615034847e+00 5.100573375442184698e+00
3.660000000000000000e+02 7.243461843511115994e+00 4.372186374118378183e+00
3.670000000000000000e+02 7.183804699910162128e+00 5.808505175693956524e+00
3.680000000000000000e+02 6.133181517337771282e+00 5.127116370167149384e+00
3.690000000000000000e+02 6.792932777460189087e+00 4.017983252506821756e+00
3.700000000000000000e+02 8.486796129220115503e+00 4.873445284780935971e+00
3.710000000000000000e+02 7.020117592837268994e+00 5.470461410603933317e+00
3.720000000000000000e+02 6.260203186816335474e+00 4.634352942430931321e+00
3.730000000000000000e+02 6.178561859193047567e+00 4.247221932038952374e+00
3.740000000000000000e+02 7.108816864501775967e+00 4.748345191437389978e+00
3.750000000000000000e+02 8.368729374189037173e+00 5.661781235955231750e+00
3.760000000000000000e+02 7.011118948629781578e+00 4.770277010005190554e+00
3.770000000000000000e+02 8.273514801036061073e+00 5.463820568475564521e+00
3.780000000000000000e+02 6.213115927249561743e+00 5.988803948419144874e+00
3.790000000000000000e+02 6.332218663588928820e+00 4.237618529394405087e+00
3.800000000000000000e+02 7.862559087488715903e+00 4.510961320660433316e+00
3.810000000000000000e+02 7.412355520446871182e+00 4.227107130839147686e+00
3.820000000000000000e+02 6.341252200756008151e+00 4.773337177623405481e+00
3.830000000000000000e+02 8.491236262144520097e+00 4.915626830320454665e+00
3.840000000000000000e+02 8.733536137533054244e+00 4.403171838586183107e+00
3.850000000000000000e+02 6.907818023799213059e+00 4.524074917449781630e+00
3.860000000000000000e+02 8.898324127425148333e+00 4.061093852636330936e+00
3.870000000000000000e+02 7.627854251906496685e+00 5.634342427238464346e+00
3.880000000000000000e+02 8.051555917480907709e+00 4.070409408146666408e+00
3.890000000000000000e+02 6.472797795127938514e+00 4.844375260333721123e+00
3.900000000000000000e+02 8.128510739512204708e+00 5.573352444656066496e+00
3.910000000000000000e+02 8.071228067476038603e+00 4.624209112259713095e+00
3.920000000000000000e+02 8.827874404417340060e+00 4.956484997924974323e+00
3.930000000000000000e+02 8.388416708790801479e+00 5.045365295758071689e+00
3.940000000000000000e+02 6.349510729326953928e+00 5.834216857702223535e+00
3.950000000000000000e+02 6.912695649627057293e+00 4.559175569047630106e+00
3.960000000000000000e+02 6.255687246483194741e+00 4.784358991632546854e+00
3.970000000000000000e+02 6.227674459799540152e+00 5.640567101095016689e+00
3.980000000000000000e+02 8.501497944833630527e+00 4.662750513522530227e+00
3.990000000000000000e+02 7.195488333298772687e+00 4.619457791426428095e+00
4.000000000000000000e+02 6.060287713529460163e+00 5.082993840764116200e+00
4.010000000000000000e+02 6.006263178205914599e+00 4.036643026802312129e+00
4.020000000000000000e+02 8.415316939214264380e+00 5.583748843418139707e+00
4.030000000000000000e+02 8.136588845371912626e+00 5.686980168527802526e+00
4.040000000000000000e+02 7.337745075469350731e+00 4.116226031283058973e+00
4.050000000000000000e+02 6.146126313533322616e+00 5.194489230463757323e+00
4.060000000000000000e+02 6.181284583164210034e+00 4.936451300651651053e+00
4.070000000000000000e+02 6.866705507188619606e+00 5.901090796542909800e+00
4.080000000000000000e+02 6.823259295514128020e+00 5.911839332652386148e+00
4.090000000000000000e+02 7.527811369923449902e+00 4.252614208417504926e+00
4.100000000000000000e+02 7.497379534833578774e+00 4.429476064066962593e+00
4.110000000000000000e+02 7.983925172212974708e+00 5.295544557026458321e+00
4.120000000000000000e+02 6.289572939133689644e+00 5.406240487568065411e+00
4.130000000000000000e+02 8.791169458784796831e+00 5.345231962523307345e+00
4.140000000000000000e+02 6.336480017246267415e+00 4.372906653460828075e+00
4.150000000000000000e+02 7.244397630734383142e+00 5.967393602688813914e+00
4.160000000000000000e+02 7.509845823473687787e+00 4.893858923779760062e+00
4.170000000000000000e+02 8.149977355654725031e+00 5.091298864928933021e+00
4.180000000000000000e+02 6.623991301024734213e+00 5.118334665155948926e+00
4.190000000000000000e+02 7.218288313294715763e+00 5.146260887765279790e+00
4.200000000000000000e+02 7.141290125823376300e+00 4.090243339323217597e+00
4.210000000000000000e+02 6.040241504479602064e+00 4.447457684938300737e+00
4.220000000000000000e+02 6.569786379265877940e+00 4.054689596595515866e+00
4.230000000000000000e+02 7.605616857923153340e+00 4.797475579299024240e+00
4.240000000000000000e+02 7.185882434561627896e+00 4.736265575580646647e+00
4.250000000000000000e+02 6.853025059141218733e+00 5.706182856119600189e+00
4.260000000000000000e+02 8.891473760785544300e+00 4.729201796043549955e+00
4.270000000000000000e+02 7.879304748037607276e+00 5.820823111778168801e+00
4.280000000000000000e+02 6.903563720286464367e+00 4.955760042689639100e+00
4.290000000000000000e+02 6.781982263659629417e+00 5.258522681604000049e+00
4.300000000000000000e+02 6.163439163033955559e+00 4.299916846253905689e+00
4.310000000000000000e+02 7.750263434537314922e+00 5.567939781330291993e+00
4.320000000000000000e+02 6.923533204901233695e+00 4.594799589005513774e+00
4.330000000000000000e+02 6.430282337116650204e+00 4.305726447334604856e+00
4.340000000000000000e+02 8.052976887321971589e+00 5.503764553271127014e+00
4.350000000000000000e+02 6.211468762363669960e+00 4.293194986328898288e+00
4.360000000000000000e+02 8.774630781816874503e+00 4.457377515830218684e+00
4.370000000000000000e+02 8.729239142175849508e+00 5.059054779035855987e+00
4.380000000000000000e+02 7.661455035249897350e+00 4.980010245666202096e+00
4.390000000000000000e+02 7.863133773755429878e+00 5.841533866744486048e+00
4.400000000000000000e+02 6.597332116263181945e+00 5.782087210694563773e+00
4.410000000000000000e+02 7.800303494061328280e+00 4.652443694165977917e+00
4.420000000000000000e+02 6.313985565569963043e+00 5.987675837982889604e+00
4.430000000000000000e+02 7.589631474522493981e+00 5.076805601185022887e+00
4.440000000000000000e+02 7.101260813740897682e+00 4.466012790819400280e+00
4.450000000000000000e+02 8.691762476712229457e+00 4.132568751512505578e+00
4.460000000000000000e+02 8.895793947411677394e+00 4.786903901994745247e+00
4.470000000000000000e+02 7.965261298248007549e+00 5.828329179819592198e+00
4.480000000000000000e+02 6.034404979390857626e+00 5.240312312492814151e+00
4.490000000000000000e+02 6.276632678576253177e+00 5.413300183001181765e+00
4.500000000000000000e+02 1.829129480220890613e+00 1.136035979577837729e+01
4.510000000000000000e+02 1.484605021835071703e+00 1.243142441731924919e+01
4.520000000000000000e+02 2.092776955364574754e+00 1.153312509541611419e+01
4.530000000000000000e+02 2.016159488146133327e+00 1.167374728052631028e+01
4.540000000000000000e+02 1.648941275330633616e+00 1.158279201989737217e+01
4.550000000000000000e+02 2.207766151687187595e+00 1.254152459695988320e+01
4.560000000000000000e+02 2.608422901162792851e+00 1.199985542921279347e+01
4.570000000000000000e+02 2.212763295499408756e+00 1.221940594283991466e+01
4.580000000000000000e+02 2.395730600294201373e+00 1.168763051539001019e+01
4.590000000000000000e+02 2.598126763431160668e+00 1.197868464759555351e+01
4.600000000000000000e+02 1.420282432195256295e+00 1.223160975080967816e+01
4.610000000000000000e+02 1.731978381325992800e+00 1.164479496871441455e+01
4.620000000000000000e+02 2.000612087772923431e+00 1.237457308826410340e+01
4.630000000000000000e+02 1.869225506469940346e+00 1.156396285977496063e+01
4.640000000000000000e+02 1.827131896864397476e+00 1.267699966186351013e+01
4.650000000000000000e+02 2.334793083799422408e+00 1.147159103306720596e+01
4.660000000000000000e+02 2.184368050099828817e+00 1.250304970660306303e+01
4.670000000000000000e+02 2.217612246961261135e+00 1.132986368285593315e+01
4.680000000000000000e+02 1.910279336807303885e+00 1.254709380682458431e+01
4.690000000000000000e+02 2.082171084706309738e+00 1.166310878140881258e+01
4.700000000000000000e+02 2.112516683347053004e+00 1.264961367397278735e+01
4.710000000000000000e+02 1.979103325445435768e+00 1.130829010710831106e+01
4.720000000000000000e+02 2.514458944940447083e+00 1.156141541899144265e+01
4.730000000000000000e+02 2.180183926894045943e+00 1.247702030129799944e+01
4.740000000000000000e+02 2.415287126198105039e+00 1.189160857138171323e+01
4.750000000000000000e+02 2.220631120211363108e+00 1.247866587795225257e+01
4.760000000000000000e+02 2.194654786267939972e+00 1.202654094471433410e+01
4.770000000000000000e+02 2.333284039533757959e+00 1.152977490803291616e+01
4.780000000000000000e+02 1.974812548686319946e+00 1.206878504568183885e+01
4.790000000000000000e+02 2.413605693303053190e+00 1.163780146914651858e+01
4.800000000000000000e+02 2.028538915202139137e+00 1.179592222845352545e+01
4.810000000000000000e+02 1.951661552048216564e+00 1.265502759941706934e+01
4.820000000000000000e+02 2.150088055558839528e+00 1.147218027254747952e+01
4.830000000000000000e+02 1.592574547280928510e+00 1.256116920487945343e+01
4.840000000000000000e+02 1.598188345722593162e+00 1.250434161862830607e+01
4.850000000000000000e+02 2.068814574321066857e+00 1.191387553554273104e+01
4.860000000000000000e+02 1.791904544756814488e+00 1.226570496532466770e+01
4.870000000000000000e+02 2.217648221414171505e+00 1.187877971115359443e+01
4.880000000000000000e+02 2.607411648592280695e+00 1.167117865067517535e+01
4.890000000000000000e+02 2.499280941411265111e+00 1.243528712735117381e+01
4.900000000000000000e+02 2.268722685327140276e+00 1.159286994867105847e+01
4.910000000000000000e+02 1.814071879229039119e+00 1.167073880699530442e+01
4.920000000000000000e+02 2.213924262943940846e+00 1.186406604568462342e+01
4.930000000000000000e+02 2.284974666644302932e+00 1.167270919189279432e+01
4.940000000000000000e+02 1.461484419944296675e+00 1.224604460413348406e+01
4.950000000000000000e+02 2.361873346051636791e+00 1.214729471845232922e+01
4.960000000000000000e+02 2.052162726085639655e+00 1.189891017725466860e+01
4.970000000000000000e+02 2.482928696030779481e+00 1.242799644266882453e+01
4.980000000000000000e+02 2.330431704098395507e+00 1.229662927587900434e+01
4.990000000000000000e+02 2.205420934545448297e+00 1.182423390609219638e+01
5.000000000000000000e+02 2.453763302743927177e+00 1.233665387268210978e+01
5.010000000000000000e+02 2.282868730343547981e+00 1.149009636258424472e+01
5.020000000000000000e+02 2.439776578627812054e+00 1.156004140394544599e+01
5.030000000000000000e+02 1.724213835532656169e+00 1.194959157931728200e+01
5.040000000000000000e+02 1.545926349554656021e+00 1.182166953185403457e+01
5.050000000000000000e+02 2.415171071777929779e+00 1.164641602078852145e+01
5.060000000000000000e+02 2.092606149972174645e+00 1.240252600180431486e+01
5.070000000000000000e+02 1.600714905292550228e+00 1.175554982907399193e+01
5.080000000000000000e+02 2.268458182938369649e+00 1.023443505564065958e+01
5.090000000000000000e+02 3.744038106290555667e+00 1.262804038973732368e+01
5.100000000000000000e+02 2.394801778408734538e+00 1.005315601692760552e+01
5.110000000000000000e+02 3.988339058492391676e+00 1.191597767823000176e+01
5.120000000000000000e+02 1.563426766183627414e+00 1.371138765524967873e+01
5.130000000000000000e+02 3.446876561441657660e+00 1.303227660217658901e+01
5.140000000000000000e+02 1.514244777167932376e-01 1.258198936775044885e+01
5.150000000000000000e+02 3.066719925779538336e+00 1.046597471150333547e+01
5.160000000000000000e+02 1.427589636798113126e+00 1.385026272903997935e+01
5.170000000000000000e+02 1.259791114850994820e+00 1.382468023252893019e+01
5.180000000000000000e+02 1.545569328157081479e-01 1.261605509235335987e+01
5.190000000000000000e+02 1.541561065951527976e+00 1.371816193152304209e+01
5.200000000000000000e+02 3.008315427000730846e+00 1.052466185072862181e+01
5.210000000000000000e+02 2.816719052791776257e-01 1.110742263588957357e+01
5.220000000000000000e+02 2.688806613842973370e-01 1.241608005736953935e+01
5.230000000000000000e+02 2.761805164265869195e-01 1.243604638547014751e+01
5.240000000000000000e+02 3.191528460141731749e+00 1.060622053963612288e+01
5.250000000000000000e+02 2.273743559167782813e+00 1.381813099552911339e+01
5.260000000000000000e+02 7.766510290047534681e-01 1.329020071509604684e+01
5.270000000000000000e+02 2.722912030466183353e+00 1.016482761681164426e+01
5.280000000000000000e+02 2.470927586116853369e-01 1.236954862933891164e+01
5.290000000000000000e+02 2.037343988882193369e+00 1.011108850746349042e+01
5.300000000000000000e+02 2.092641342498990475e+00 1.382423767925367208e+01
5.310000000000000000e+02 2.842623821826363084e+00 1.355359242521099716e+01
5.320000000000000000e+02 9.149649019041077302e-01 1.345757949770036532e+01
5.330000000000000000e+02 1.933159504621095870e-01 1.182990864766760808e+01
5.340000000000000000e+02 7.135319305416110147e-01 1.074081998892824075e+01
5.350000000000000000e+02 6.900283753349070182e-01 1.333537347426775632e+01
5.360000000000000000e+02 2.527752190705685464e-01 1.185285696930198540e+01
5.370000000000000000e+02 5.580195984033196055e-01 1.072841754441088646e+01
5.380000000000000000e+02 3.405814053208423342e+00 1.314999480522747888e+01
5.390000000000000000e+02 3.403073190378983259e+00 1.063509238313288563e+01
5.400000000000000000e+02 1.405007386545357395e+00 1.010997396746290811e+01
5.410000000000000000e+02 3.229295937710630948e+00 1.069929568877018866e+01
5.420000000000000000e+02 3.811174102003306530e+00 1.226801969527585179e+01
5.430000000000000000e+02 3.185649221380540297e+00 1.069906723019442296e+01
5.440000000000000000e+02 3.343969186990094489e+00 1.337215022311528045e+01
5.450000000000000000e+02 3.785796396059772029e+00 1.228291902927315427e+01
5.460000000000000000e+02 3.246032562212732842e-01 1.294087171218613008e+01
5.470000000000000000e+02 3.355019710156352808e-01 1.302398838436885775e+01
5.480000000000000000e+02 3.695331273728137411e+00 1.122599342227154828e+01
5.490000000000000000e+02 2.909001933734414624e+00 1.362111431592362365e+01
5.500000000000000000e+02 2.621543718267682621e-01 1.206534904599183378e+01
5.510000000000000000e+02 2.173332031746252557e+00 1.010606149564587142e+01
5.520000000000000000e+02 3.522981419185052587e+00 1.097198735142099402e+01
5.530000000000000000e+02 3.801861685708367133e+00 1.148972770423515222e+01
5.540000000000000000e+02 1.354899441378401015e-01 1.210581092201722697e+01
5.550000000000000000e+02 2.527771686046551558e+00 1.020291591857973224e+01
5.560000000000000000e+02 2.449908390210191911e+00 1.027662364130475758e+01
5.570000000000000000e+02 2.121493286455936822e+00 1.397769083815487257e+01
5.580000000000000000e+02 8.782629552667402528e-01 1.037523050559181570e+01
5.590000000000000000e+02 1.000910936293181841e+00 1.035884240657352606e+01
5.600000000000000000e+02 2.520226023307791330e+00 1.379220271338962434e+01
5.610000000000000000e+02 6.976107355511529384e-01 1.048566978656054971e+01
5.620000000000000000e+02 3.008362342081012386e-01 1.258449265096898095e+01
5.630000000000000000e+02 8.659023109252905748e-01 1.063748554222489950e+01
5.640000000000000000e+02 8.043425160222481551e-01 1.043818934263548748e+01
5.650000000000000000e+02 3.806597628704798009e+00 1.265834847160947163e+01
5.660000000000000000e+02 5.613611685348831593e-01 1.088913581780611395e+01
5.670000000000000000e+02 2.286113083272264923e+00 1.010930468052298004e+01
5.680000000000000000e+02 3.138477607217991405e+00 1.337271542739718555e+01
5.690000000000000000e+02 3.154880843281213210e+00 1.337494488054733921e+01
5.700000000000000000e+02 3.646953349553474943e+00 1.274225286226259257e+01
5.710000000000000000e+02 1.137963776116590608e-01 1.249393002035851907e+01
5.720000000000000000e+02 3.554446822171707598e+00 1.311251353500387218e+01
5.730000000000000000e+02 5.729129748860666282e-01 1.064588604456962884e+01
5.740000000000000000e+02 8.320512727055775493e-01 1.068898144386442439e+01
5.750000000000000000e+02 3.731823610187586571e+00 1.112802881207182004e+01
5.760000000000000000e+02 1.956301000324134787e+00 1.017967262361334235e+01
5.770000000000000000e+02 3.808204726512634863e+00 1.125185166701857220e+01
5.780000000000000000e+02 1.956454590145661587e+00 1.020695296190738688e+01
5.790000000000000000e+02 2.478622401633291616e+00 1.388090222521335448e+01
5.800000000000000000e+02 3.842742728187345413e+00 1.161677195990397493e+01
5.810000000000000000e+02 2.920217119859292332e+00 1.030200852557532620e+01
5.820000000000000000e+02 3.519553450499006697e+00 1.297519445668361016e+01
5.830000000000000000e+02 2.594011916899785497e-01 1.129817550172655771e+01
5.840000000000000000e+02 8.869994886851260141e-01 1.038206452563152560e+01
5.850000000000000000e+02 6.054272282019446116e-01 1.321508754929940288e+01
5.860000000000000000e+02 8.598860080383192717e-01 1.066182240600826248e+01
5.870000000000000000e+02 3.777164789574973813e+00 1.281136535769951834e+01
5.880000000000000000e+02 3.569878383572548053e+00 1.311108828351007460e+01
5.890000000000000000e+02 5.763531502756387148e-01 1.100151177486764276e+01
5.900000000000000000e+02 2.792560157329778470e+00 -7.902820934019191279e-01
5.910000000000000000e+02 2.504131109687434797e+00 -6.636121813412410031e-01
5.920000000000000000e+02 2.982007981361387561e+00 -4.938616456142330691e-01
5.930000000000000000e+02 2.667702349295240971e+00 -1.247105336286604249e+00
5.940000000000000000e+02 3.222696686598223614e+00 -8.727848330583487524e-01
5.950000000000000000e+02 2.810251981762194706e+00 -8.383308802254152425e-01
5.960000000000000000e+02 3.176881204075158394e+00 -1.014306856129915557e+00
5.970000000000000000e+02 3.376619906168198071e+00 -1.379660928149916366e+00
5.980000000000000000e+02 2.900860359787468479e+00 -8.608002288338917340e-01
5.990000000000000000e+02 3.167874952208003414e+00 -9.420515178503855447e-01
6.000000000000000000e+02 2.882231295382350567e+00 -1.225331435779120293e+00
6.010000000000000000e+02 3.288016770066819472e+00 -4.609154488656125315e-01
6.020000000000000000e+02 3.153146758906248515e+00 -9.532215119711251461e-01
6.030000000000000000e+02 3.019893320199667830e+00 -9.434515679986106296e-01
6.040000000000000000e+02 2.885290863038783904e+00 -7.723221954073311579e-01
6.050000000000000000e+02 3.096463997638473575e+00 -6.225088375882200653e-01
6.060000000000000000e+02 3.672360319385258087e+00 -7.802425687471321591e-01
6.070000000000000000e+02 2.819076751083271493e+00 -1.078908745695156712e+00
6.080000000000000000e+02 3.052881904602064100e+00 -9.943645291333448322e-01
6.090000000000000000e+02 2.972694283648344982e+00 -5.926857848334481371e-01
6.100000000000000000e+02 3.104976356919810332e+00 -1.268058395787198478e+00
6.110000000000000000e+02 2.824708759744465336e+00 -9.762707890576450831e-01
6.120000000000000000e+02 2.900825804163253085e+00 -9.956537931000288832e-01
6.130000000000000000e+02 3.246818058796192563e+00 -6.375856482093338329e-01
6.140000000000000000e+02 3.134738354050603970e+00 -1.164187798126050000e+00
6.150000000000000000e+02 2.738296526859749225e+00 -8.640227252811816250e-01
6.160000000000000000e+02 2.954927665611140952e+00 -1.052876988979657646e+00
6.170000000000000000e+02 2.961899608011235419e+00 -1.085005194500158421e+00
6.180000000000000000e+02 3.076795222252451278e+00 -1.088214865738366122e+00
6.190000000000000000e+02 2.851110275107502812e+00 -8.985041740516432895e-01
6.200000000000000000e+02 2.848551669035168210e+00 -8.922390057056348578e-01
6.210000000000000000e+02 3.230402805481434214e+00 -1.216996321080978660e+00
6.220000000000000000e+02 2.804801752972288398e+00 -8.132419080803361400e-01
6.230000000000000000e+02 2.733272093337715258e+00 -8.862660457737417952e-01
6.240000000000000000e+02 3.126334841161879208e+00 -1.048350448173607896e+00
6.250000000000000000e+02 3.004551790904216091e+00 -4.071802606305393590e-01
6.260000000000000000e+02 2.857638584557004258e+00 -6.983252814664011598e-01
6.270000000000000000e+02 2.938931908201890764e+00 -7.583737742652119085e-01
6.280000000000000000e+02 2.767016032414677973e+00 -7.771266643157329623e-01
6.290000000000000000e+02 3.357013121732567384e+00 -9.392727686885840033e-01
6.300000000000000000e+02 2.912489405398030584e+00 -1.275254573896850152e+00
6.310000000000000000e+02 3.062948069942659668e+00 -9.938089862127832408e-01
6.320000000000000000e+02 3.130366387804562667e+00 -9.496827109950368717e-01
6.330000000000000000e+02 2.559091832209029693e+00 -9.362709793278766179e-01
6.340000000000000000e+02 3.134469956241079824e+00 -1.289699770170430915e+00
6.350000000000000000e+02 2.629360898362306020e+00 -8.069473850934940629e-01
6.360000000000000000e+02 2.783138792775599946e+00 -1.148008748034417215e+00
6.370000000000000000e+02 3.168192975850585569e+00 -6.603723038485544983e-01
6.380000000000000000e+02 2.570294534833676536e+00 -1.003622020979738405e+00
6.390000000000000000e+02 3.209577309873343776e+00 -7.271069487915632346e-01
6.400000000000000000e+02 2.754741065473247819e+00 -1.023614744655164888e+00
6.410000000000000000e+02 2.602128515082207105e+00 -9.840219285709081998e-01
6.420000000000000000e+02 2.878059680315903535e+00 -7.533110096724771054e-01
6.430000000000000000e+02 2.843585833494591153e+00 -1.010272635951602771e+00
6.440000000000000000e+02 2.891411188734149373e+00 -8.630255268644650979e-01
6.450000000000000000e+02 3.258877655087391467e+00 -4.852866255471381951e-01
6.460000000000000000e+02 2.878532305701752669e+00 -1.101081949962173345e+00
6.470000000000000000e+02 3.059717291672900963e+00 -1.124942220103868129e+00
6.480000000000000000e+02 3.051576093065998752e+00 -1.288720349849280300e+00
6.490000000000000000e+02 2.951504798924042827e+00 -1.125713734575059188e+00
6.500000000000000000e+02 2.865685321577558398e+00 -8.183759034303637048e-01
6.510000000000000000e+02 2.905567848605343340e+00 -1.095178812983353955e+00
6.520000000000000000e+02 3.009279927657469322e+00 -1.127640983517173456e+00
6.530000000000000000e+02 2.809744092416777583e+00 -1.375346456040370535e+00
6.540000000000000000e+02 3.436042603008800711e+00 -1.164631854037736947e+00
6.550000000000000000e+02 2.498361568655286025e+00 -1.029881309121784216e+00
6.560000000000000000e+02 2.934459835045497123e+00 -1.575747113094242202e+00
6.570000000000000000e+02 2.675191710055726091e+00 -1.055823549889917778e+00
6.580000000000000000e+02 2.736398538957061977e+00 -1.095773589008683935e+00
6.590000000000000000e+02 3.013945886842242405e+00 -1.498649308171615901e+00
6.600000000000000000e+02 3.277339046474607720e+00 -8.406227305811176942e-01
6.610000000000000000e+02 2.947751122013286817e+00 -9.739184689416268137e-01
6.620000000000000000e+02 2.676585378058852882e+00 -1.429052191528503490e+00
6.630000000000000000e+02 2.864069918283048022e+00 -1.336792592143101643e+00
6.640000000000000000e+02 2.863787747103901715e+00 -1.032684790319281731e+00
6.650000000000000000e+02 3.583965091005908210e+00 -1.158205337042727656e+00
6.660000000000000000e+02 3.214520569956133222e+00 -1.158279321695199204e+00
6.670000000000000000e+02 3.011788701549281022e+00 -7.212703892897015523e-01
6.680000000000000000e+02 3.066157439259293405e+00 -7.579105877759189092e-01
6.690000000000000000e+02 3.020664986805239316e+00 -1.113361561669474309e+00
6.700000000000000000e+02 2.696289360926459100e+00 -1.100212619196784702e+00
6.710000000000000000e+02 2.952942711359414218e+00 -1.115954918248346361e+00
6.720000000000000000e+02 2.954391961473950445e+00 -1.006299567725880806e+00
6.730000000000000000e+02 3.282253527924944958e+00 -1.486200265777122276e+00
6.740000000000000000e+02 2.852535565546663321e+00 -1.042239278854318663e+00
6.750000000000000000e+02 3.360434229351515256e+00 -1.073676624800463664e+00
6.760000000000000000e+02 3.036971830714148446e+00 -1.244773934206363286e+00
6.770000000000000000e+02 2.691132662662716335e+00 -1.000295502958790772e+00
6.780000000000000000e+02 2.711707693368765160e+00 -7.620584840925510584e-01
6.790000000000000000e+02 3.427836422195497335e+00 -1.038011089741604387e+00
6.800000000000000000e+02 3.570163997628229335e+00 -6.548969716009611641e-01
6.810000000000000000e+02 3.297928395142829316e+00 -9.331749480217861326e-01
6.820000000000000000e+02 2.858301404038940952e+00 -1.170992272984350713e+00
6.830000000000000000e+02 3.106702163643281001e+00 -7.806025523316513226e-01
6.840000000000000000e+02 3.381123630604748076e+00 -1.110365458378172798e+00
6.850000000000000000e+02 2.896934412338569853e+00 -4.528713501282558562e-01
6.860000000000000000e+02 2.976007412906262140e+00 -8.177594770001612723e-01
6.870000000000000000e+02 3.637062867249023501e+00 -1.070461774214966244e+00
6.880000000000000000e+02 2.953787652967566846e+00 -8.579982888412114317e-01
6.890000000000000000e+02 2.866117038654638627e+00 -7.210962043550488421e-01
6.900000000000000000e+02 3.513370908508849144e+00 -1.306319923243194125e+00
6.910000000000000000e+02 2.907969459554239577e+00 -1.362622206475425202e+00
6.920000000000000000e+02 3.044624613743016184e+00 -8.059542841966413906e-01
6.930000000000000000e+02 2.917766186711454601e+00 -4.460127133989287840e-01
6.940000000000000000e+02 3.129739521049473616e+00 -1.227166431702303884e+00
6.950000000000000000e+02 3.354826757148824612e+00 -1.053212288081073700e+00
6.960000000000000000e+02 3.236373581533113608e+00 -1.263202519099196453e+00
6.970000000000000000e+02 2.743013067310573483e+00 -1.295235910691273196e+00
6.980000000000000000e+02 3.567454517893900334e+00 -1.220972805462115618e+00
6.990000000000000000e+02 2.304516073795312980e+00 -6.545589162928220350e-01
7.000000000000000000e+02 3.140308992142917699e+00 -1.089140944317195325e+00
7.010000000000000000e+02 3.332878348160484006e+00 -1.104561719552430210e+00
7.020000000000000000e+02 2.846365647172719449e+00 -8.510444984078375796e-01
7.030000000000000000e+02 2.936500105220272605e+00 -9.104992306075442299e-01
7.040000000000000000e+02 3.063209545271099898e+00 -1.494014986351234642e+00
7.050000000000000000e+02 3.388804839995414042e+00 -7.860161929807553127e-01
7.060000000000000000e+02 3.229740117827807122e+00 -8.292168520082993100e-01
7.070000000000000000e+02 3.211047541796899552e+00 -9.697077165919659736e-01
7.080000000000000000e+02 3.024317157772687725e+00 -1.443785544820114231e+00
7.090000000000000000e+02 2.938924619365978153e+00 -9.407925568153523432e-01
7.100000000000000000e+02 3.153333459069100453e+00 -1.092644216541570623e+00
7.110000000000000000e+02 2.731259733762602782e+00 -8.640554334211718590e-01
7.120000000000000000e+02 2.793981417096187858e+00 -6.394024776834403845e-01
7.130000000000000000e+02 3.115359834482252399e+00 -1.174716170729928955e+00
7.140000000000000000e+02 3.017199410933262271e+00 -1.028929405247494877e+00
7.150000000000000000e+02 3.115057060087879748e+00 -7.752154138715354748e-01
7.160000000000000000e+02 2.715927404910883247e+00 -1.015037058803687886e+00
7.170000000000000000e+02 2.783856177832751300e+00 -6.849972145721314742e-01
7.180000000000000000e+02 3.335418469191028024e+00 -9.141024595919889917e-01
7.190000000000000000e+02 2.718205884998497357e+00 -9.213232374761523014e-01
7.200000000000000000e+02 2.648283371387348595e+00 -1.117529861466938002e+00
7.210000000000000000e+02 2.283157373182152394e+00 -1.135365291839559587e+00
7.220000000000000000e+02 2.748554288340451013e+00 -7.190136892776952671e-01
7.230000000000000000e+02 2.804593702454021287e+00 -1.326177211318952942e+00
7.240000000000000000e+02 3.304103572018246560e+00 -1.223576520845763627e+00
7.250000000000000000e+02 2.798920719020046466e+00 -1.009403331537711779e+00
7.260000000000000000e+02 3.150505324089143411e+00 -1.439898951539669181e+00
7.270000000000000000e+02 3.182806445929079242e+00 -1.248857416218244643e+00
7.280000000000000000e+02 3.276324968408905303e+00 -1.356542072829778345e+00
7.290000000000000000e+02 2.981588351538298820e+00 -5.132967892158057932e-01
7.300000000000000000e+02 3.136280857641132958e+00 -8.475580470411236966e-01
7.310000000000000000e+02 3.042639835091036193e+00 -8.933801200213753457e-01
7.320000000000000000e+02 2.538900668992425391e+00 -1.061540957955543041e+00
7.330000000000000000e+02 2.998538248084707813e+00 -6.855311950099680640e-01
7.340000000000000000e+02 3.397458754756599308e+00 -1.141320804243485032e+00
7.350000000000000000e+02 2.746840651033597869e+00 -7.479938644802939240e-01
7.360000000000000000e+02 3.437864950561985822e+00 -8.388234403271173090e-01
7.370000000000000000e+02 3.593116147586526754e+00 -9.321534303861188642e-01
7.380000000000000000e+02 2.857475289802133833e+00 -1.000610696332634886e+00
7.390000000000000000e+02 3.252267311069239497e+00 -6.844269940994580637e-01
7.400000000000000000e+02 3.044915534384221356e+00 -1.317085392323528170e+00
7.410000000000000000e+02 2.976854364005535380e+00 -8.209751681275925250e-01
7.420000000000000000e+02 2.709902520690739891e+00 -1.210958862992553620e+00
7.430000000000000000e+02 2.969238551561993233e+00 -8.748805487139295067e-01
7.440000000000000000e+02 2.788545347571768751e+00 -1.243686841123451847e+00
7.450000000000000000e+02 2.954294685136173992e+00 -9.494680512247961612e-01
7.460000000000000000e+02 2.831926663408873779e+00 -9.402315523024374899e-01
7.470000000000000000e+02 2.976750368388928703e+00 -1.086387111103028325e+00
7.480000000000000000e+02 2.994510711789532653e+00 -1.028527507435128552e+00
7.490000000000000000e+02 2.789053782498566836e+00 -8.253820642297106103e-01
7.500000000000000000e+02 3.181622035548272720e+00 -1.526958028371393272e+00
7.510000000000000000e+02 3.365836120182649882e+00 -9.705965497952204757e-01
7.520000000000000000e+02 3.621943655425571951e+00 -7.199083663590234439e-01
7.530000000000000000e+02 3.023566319801155533e+00 -6.790960662626713829e-01
7.540000000000000000e+02 3.749139761641985924e+00 -9.077690810162271084e-01
7.550000000000000000e+02 3.031254149564733158e+00 -1.215325383697345218e+00
7.560000000000000000e+02 3.116658335464672192e+00 -8.043579492519175034e-01
7.570000000000000000e+02 3.026076494905116654e+00 -6.664059553797637703e-01
7.580000000000000000e+02 2.836141402253608668e+00 -9.870804758789641919e-01
7.590000000000000000e+02 2.500893452629024516e+00 -1.109340543559860670e+00
7.600000000000000000e+02 2.940613951295437456e+00 -7.839285486621127008e-01
7.610000000000000000e+02 3.503673473369880220e+00 -1.241328629742554757e+00
7.620000000000000000e+02 2.843490767710588063e+00 -1.256001348461635025e+00
7.630000000000000000e+02 2.915892581265463246e+00 -1.352271601822307323e+00
7.640000000000000000e+02 3.326374942769772414e+00 -1.553059449558358507e+00
7.650000000000000000e+02 3.191176961473346729e+00 -9.610686477363424851e-01
7.660000000000000000e+02 2.841394928774637396e+00 -1.400379716864332380e+00
7.670000000000000000e+02 2.882658122999202988e+00 -1.114943973154928214e+00
7.680000000000000000e+02 3.226115957205724083e+00 -1.042747560073758795e+00
7.690000000000000000e+02 3.188343723152696541e+00 -1.161918531251409759e+00
7.700000000000000000e+02 3.535751567102861870e+00 -5.709308495743141698e-01
7.710000000000000000e+02 3.035647302532324954e+00 -1.500603073253920616e+00
7.720000000000000000e+02 2.865548009463296353e+00 -1.081599324538712548e+00
7.730000000000000000e+02 2.986489702797713086e+00 -9.101004395883347531e-01
7.740000000000000000e+02 2.678024481410542723e+00 -1.032902777355731994e+00
7.750000000000000000e+02 2.516906253895395018e+00 -1.298178976314655841e+00
7.760000000000000000e+02 3.476242303931977418e+00 -1.081199262749479972e+00
7.770000000000000000e+02 3.351622772654759164e+00 -9.783826005823937910e-01
7.780000000000000000e+02 2.968073846853306108e+00 -7.726363468653019151e-01
7.790000000000000000e+02 2.834903461674525893e+00 -7.820021221343805840e-01
7.800000000000000000e+02 3.109953085924757055e+00 -8.673307297646475345e-01
7.810000000000000000e+02 3.025653438848488808e+00 -1.137338120509040262e+00
7.820000000000000000e+02 2.529102683989906009e+00 -1.520359363404076181e+00
7.830000000000000000e+02 2.626608626576103500e+00 -1.421576725662004215e+00
7.840000000000000000e+02 2.869138738268253608e+00 -7.054946115766639325e-01
7.850000000000000000e+02 2.754670842830177602e+00 -9.839699599314205569e-01
7.860000000000000000e+02 2.805729454918496124e+00 -9.768718393535075206e-01
7.870000000000000000e+02 3.056147809179156294e+00 -1.431373901286718153e+00
7.880000000000000000e+02 3.256983565680767523e+00 -1.077680847405380060e+00
7.890000000000000000e+02 3.077302232906857338e+00 -1.194163898388250766e+00
7.900000000000000000e+02 3.048261861679228080e+00 -9.030459165692958923e-01
7.910000000000000000e+02 3.290358359345414208e+00 -1.453826084794185958e+00
7.920000000000000000e+02 3.131679651158579603e+00 -1.248829244511815206e+00
7.930000000000000000e+02 3.361234646280431893e+00 -8.169384263827205173e-01
7.940000000000000000e+02 3.020006887488013270e+00 -1.159546336174308134e+00
7.950000000000000000e+02 3.476556456687850183e+00 -6.895633049141156601e-01
7.960000000000000000e+02 2.672676856453559679e+00 -6.837930425384046718e-01
7.970000000000000000e+02 3.363865426534621950e+00 -9.263353877267298531e-01
7.980000000000000000e+02 3.043289902892365006e+00 -7.385827863760155987e-01
7.990000000000000000e+02 3.237491632485083315e+00 -8.995033176366429295e-01
8.000000000000000000e+02 2.879293610302711137e+00 -7.044731645433488509e-01
8.010000000000000000e+02 2.935031691038342494e+00 -1.060244057904513815e+00
8.020000000000000000e+02 3.177599699161888225e+00 -1.365148791593788546e+00
8.030000000000000000e+02 2.824433859916167133e+00 -1.192615080095449365e+00
8.040000000000000000e+02 3.242245382366649498e+00 -1.203370135649541650e+00
8.050000000000000000e+02 3.176696733870383760e+00 -8.456959157231112023e-01
8.060000000000000000e+02 3.150840454665742030e+00 -1.039088726344759905e+00
8.070000000000000000e+02 2.598357146599133305e+00 -9.757374486695702398e-01
8.080000000000000000e+02 3.181297237253397636e+00 -9.880684434843387542e-01
8.090000000000000000e+02 3.017393785671861117e+00 -1.031845669984194469e+00
8.100000000000000000e+02 2.817238996776446847e+00 -1.033572804746644813e+00
8.110000000000000000e+02 2.988636877988555263e+00 -9.319993990549273466e-01
8.120000000000000000e+02 2.511031228881480448e+00 -1.061742811837346645e+00
8.130000000000000000e+02 2.986270470846908331e+00 -1.106027274950243111e+00
8.140000000000000000e+02 3.448540949029478941e+00 -9.557092733655767613e-01
8.150000000000000000e+02 2.831141869602157524e+00 -9.285908961790689808e-01
8.160000000000000000e+02 3.065585941383129676e+00 -1.293305450898852182e+00
8.170000000000000000e+02 2.536964681091761875e+00 -9.193493553096456772e-01
8.180000000000000000e+02 3.057368835852494637e+00 -1.442660663566676327e+00
8.190000000000000000e+02 3.208659160140205024e+00 -8.517857760909357534e-01
8.200000000000000000e+02 2.727713309622115556e+00 -4.404690881430243232e-01
8.210000000000000000e+02 2.792144086548965731e+00 -1.111583798209579310e+00
8.220000000000000000e+02 2.939725851316282501e+00 -1.106018474304831134e+00
8.230000000000000000e+02 2.829418407577025008e+00 -1.709446770893920053e+00
8.240000000000000000e+02 3.251387227339930686e+00 -9.094934577917155316e-01
8.250000000000000000e+02 2.666434591227877515e+00 -9.742784115667799671e-01
8.260000000000000000e+02 3.108678657148317814e+00 -7.967008788538643138e-01
8.270000000000000000e+02 3.045217582852327798e+00 -1.187554427031159099e+00
8.280000000000000000e+02 2.824593639746872054e+00 -1.053801007712967808e+00
8.290000000000000000e+02 3.269081288097878790e+00 -1.222954626721937554e+00
8.300000000000000000e+02 3.187790684721993451e+00 -1.292072017305695208e+00
8.310000000000000000e+02 2.781748956698398167e+00 -8.665876057020804879e-01
8.320000000000000000e+02 3.392691436829858631e+00 -1.349321618794489419e+00
8.330000000000000000e+02 2.799510611916499414e+00 -8.531397904519877340e-01
8.340000000000000000e+02 3.164053151274211828e+00 -1.384910832659773883e+00
8.350000000000000000e+02 3.060175045242131908e+00 -1.199150416876407776e+00
8.360000000000000000e+02 2.462936650803363658e+00 -8.348632827898627706e-01
8.370000000000000000e+02 3.250147752866574535e+00 -8.005421614008838560e-01
8.380000000000000000e+02 3.065769084307169656e+00 -6.971925824063505139e-01
8.390000000000000000e+02 3.012052939546887576e+00 -5.435621596046451565e-01
8.400000000000000000e+02 -4.635561285360069839e+00 5.436837658331539203e+00
8.410000000000000000e+02 -3.195321686339033018e+00 5.652631174728041330e+00
8.420000000000000000e+02 -4.762241191653902028e+00 6.869767868521769572e+00
8.430000000000000000e+02 -3.206241434316369432e+00 1.189212365385527193e+01
8.440000000000000000e+02 -4.235885155730256812e+00 5.444653493694554314e+00
8.450000000000000000e+02 -3.214406874324902574e+00 5.945586357940957356e+00
8.460000000000000000e+02 -3.125944648336663967e+00 5.306511770772704750e+00
8.470000000000000000e+02 -3.064039957602919362e+00 5.021741437506191730e+00
8.480000000000000000e+02 -4.094739855403175532e+00 8.893094270216641561e+00
8.490000000000000000e+02 -3.912826982575675849e+00 6.714827549489245762e+00
8.500000000000000000e+02 -4.332716253080130642e+00 6.370698691777203493e+00
8.510000000000000000e+02 -3.675470293468538596e+00 1.241182841118071778e+01
8.520000000000000000e+02 -3.023951728504449044e+00 8.769862056539587059e+00
8.530000000000000000e+02 -3.905602015557866125e+00 5.117232238083555984e+00
8.540000000000000000e+02 -4.341128634168009981e+00 5.249014070466360593e+00
8.550000000000000000e+02 -3.099460256061867369e+00 5.051295091060369558e+00
8.560000000000000000e+02 -3.764898192627834206e+00 6.018078211677538647e+00
8.570000000000000000e+02 -4.732810597625883631e+00 5.175953357960400680e+00
8.580000000000000000e+02 -4.924300139144110133e+00 6.151548903462268569e+00
8.590000000000000000e+02 -4.223441114405542152e+00 5.162170553843360210e+00
8.600000000000000000e+02 -3.265507842156648799e+00 7.864668498926776330e+00
8.610000000000000000e+02 -3.245322334742329673e+00 6.474159804371402593e+00
8.620000000000000000e+02 -4.780054287383292078e+00 6.535374142656194429e+00
8.630000000000000000e+02 -4.925705605090771044e+00 6.288446047582354481e+00
8.640000000000000000e+02 -3.742954526655914105e+00 6.704067812438793794e+00
8.650000000000000000e+02 -4.451640301218347417e+00 7.377150325978668377e+00
8.660000000000000000e+02 -3.141092134272771119e+00 5.041744127096135841e+00
8.670000000000000000e+02 -3.383374773727318985e+00 7.515964605711456414e+00
8.680000000000000000e+02 -3.606297405560067837e+00 6.407181741556383869e+00
8.690000000000000000e+02 -4.727415484412287761e+00 5.812313189737958297e+00
8.700000000000000000e+02 -3.989279858406808987e+00 7.111712897216310836e+00
8.710000000000000000e+02 -3.788905719239059167e+00 5.361130211349561137e+00
8.720000000000000000e+02 -4.278456339636917960e+00 5.082088537934343009e+00
8.730000000000000000e+02 -3.360096074834577173e+00 1.372602877253708442e+01
8.740000000000000000e+02 -3.430202723010120636e+00 1.668677765427679560e+01
8.750000000000000000e+02 -3.574883277949124860e+00 1.035032445067280804e+01
8.760000000000000000e+02 -4.876136709173938044e+00 1.357312952926173288e+01
8.770000000000000000e+02 -3.945865859370623063e+00 5.642921606554490488e+00
8.780000000000000000e+02 -3.227410421342025604e+00 5.883276802629239910e+00
8.790000000000000000e+02 -4.795730171929498908e+00 6.953416462917406449e+00
8.800000000000000000e+02 -4.827358997911363581e+00 7.295717337048943207e+00
8.810000000000000000e+02 -3.783718933054762701e+00 6.674465218163419422e+00
8.820000000000000000e+02 -4.021728605222860686e+00 7.878746839371705946e+00
8.830000000000000000e+02 -4.443484233416280738e+00 6.838928462541739250e+00
8.840000000000000000e+02 -4.105811473197427119e+00 5.186800370043628483e+00
8.850000000000000000e+02 -3.715551577997613819e+00 6.395415908008036610e+00
8.860000000000000000e+02 -3.740462967394201588e+00 8.555736920983816773e+00
8.870000000000000000e+02 -4.087612807581999519e+00 5.936300808028821763e+00
8.880000000000000000e+02 -3.383713457474406106e+00 6.679826522091286023e+00
8.890000000000000000e+02 -4.412630001885464281e+00 5.435285014945401727e+00
8.900000000000000000e+02 -3.010249123145113614e+00 1.005109890038725240e+01
8.910000000000000000e+02 -3.414089101077295574e+00 1.019811249563093369e+01
8.920000000000000000e+02 -3.091742470095973694e+00 1.158400506907186411e+01
8.930000000000000000e+02 -3.099690834195021338e+00 7.736103805181056892e+00
8.940000000000000000e+02 -3.272409552626374563e+00 7.487443792420767963e+00
8.950000000000000000e+02 -3.586998975731067407e+00 6.398386320021058893e+00
8.960000000000000000e+02 -4.246492656437547808e+00 8.399015761337834007e+00
8.970000000000000000e+02 -4.144106462397017410e+00 5.042931156229433221e+00
8.980000000000000000e+02 -4.724637790670282556e+00 7.465334423695965782e+00
8.990000000000000000e+02 -3.884577676793970369e+00 5.447613060326964352e+00
9.000000000000000000e+02 -4.091498741982738885e+00 1.050939298140280442e+01
9.010000000000000000e+02 -3.163613716359087391e+00 5.554799060123645660e+00
9.020000000000000000e+02 -3.468804456687561988e+00 5.682702511113691735e+00
9.030000000000000000e+02 -3.813282243238355740e+00 5.852996636611467629e+00
9.040000000000000000e+02 -3.065123295088510780e+00 8.724016990896362955e+00
9.050000000000000000e+02 -3.245183299884621952e+00 1.119447177480261679e+01
9.060000000000000000e+02 -3.384860289593905947e+00 5.000245979856472012e+00
9.070000000000000000e+02 -3.793540687895020191e+00 7.143404685548628841e+00
9.080000000000000000e+02 -3.169346648793488264e+00 8.618114575611009798e+00
9.090000000000000000e+02 -4.318677566454135253e+00 9.581635014991903176e+00
9.100000000000000000e+02 -3.221492496948053397e+00 6.207736808112862548e+00
9.110000000000000000e+02 -3.627086193896546185e+00 1.138325594414007114e+01
9.120000000000000000e+02 -3.976579933147508683e+00 5.784311243545261050e+00
9.130000000000000000e+02 -3.185179802274921368e+00 5.819137053292229744e+00
9.140000000000000000e+02 -3.910651829141808200e+00 1.033432902427446365e+01
9.150000000000000000e+02 -3.987645094072118201e+00 7.118235863496257920e+00
9.160000000000000000e+02 -4.085797369709449178e+00 5.466689873811107603e+00
9.170000000000000000e+02 -4.106142376051555409e+00 7.112879085074336416e+00
9.180000000000000000e+02 -3.099112775918532847e+00 5.938026737265391652e+00
9.190000000000000000e+02 -3.718293064722882235e+00 6.432866617390381236e+00
9.200000000000000000e+02 -3.895547487886272364e+00 5.473088837090592129e+00
9.210000000000000000e+02 -3.716999487643096067e+00 5.238804817719263873e+00
9.220000000000000000e+02 -3.500231900082118486e+00 9.088182941485190014e+00
9.230000000000000000e+02 -3.046072639053994280e+00 5.115477903349118449e+00
9.240000000000000000e+02 -4.725062806876128896e+00 5.182626106540970667e+00
9.250000000000000000e+02 -3.876500598926007068e+00 6.200184182053069648e+00
9.260000000000000000e+02 -4.640624312522324324e+00 5.526854146032412096e+00
9.270000000000000000e+02 -4.527107491314845689e+00 6.404254587735208837e+00
9.280000000000000000e+02 -4.146387392141184236e+00 9.059296033711746077e+00
9.290000000000000000e+02 -4.110321899664998391e+00 5.542381662714966239e+00
9.300000000000000000e+02 -4.941388154870254290e+00 5.098032489891264341e+00
9.310000000000000000e+02 -4.550291347429613609e+00 5.736295384657530860e+00
9.320000000000000000e+02 -3.490621683278948506e+00 1.171362424506145317e+01
9.330000000000000000e+02 -4.207089537134102386e+00 5.211855678410216797e+00
9.340000000000000000e+02 -3.766966145299671886e+00 5.939857085096183376e+00
9.350000000000000000e+02 -4.588774146302497137e+00 8.068489380049772564e+00
9.360000000000000000e+02 -3.119434515479633241e+00 5.678702147949464596e+00
9.370000000000000000e+02 -3.392652423354225455e+00 5.073755291734051376e+00
9.380000000000000000e+02 -3.023102797844749112e+00 1.127558507713129998e+01
9.390000000000000000e+02 -3.511185493897508891e+00 8.350313782682125208e+00
9.400000000000000000e+02 -4.731279828392104925e+00 7.355987885850266750e+00
9.410000000000000000e+02 -3.488241654994298280e+00 9.869158201390446195e+00
9.420000000000000000e+02 -3.468681530879438313e+00 7.018157744978550383e+00
9.430000000000000000e+02 -3.118129921364642065e+00 5.993180684047110240e+00
9.440000000000000000e+02 -3.459564403230288576e+00 5.953006478464683227e+00
9.450000000000000000e+02 -3.442377689758004955e+00 5.033704709955743262e+00
9.460000000000000000e+02 -3.809986639294596245e+00 7.410329796438809069e+00
9.470000000000000000e+02 -3.429316898849248396e+00 7.543159823110391571e+00
9.480000000000000000e+02 -4.470794163020090473e+00 5.324516154780337907e+00
9.490000000000000000e+02 -4.023942643755463955e+00 8.106372457536149767e+00
9.500000000000000000e+02 -3.030206055395921361e+00 8.113872277316868775e+00
9.510000000000000000e+02 -3.573262748691367285e+00 7.760726067928830574e+00
9.520000000000000000e+02 -3.437015257798768708e+00 6.057629282132742432e+00
9.530000000000000000e+02 -3.161992273931939046e+00 5.353516597008702860e+00
9.540000000000000000e+02 -3.892326150236759652e+00 8.220126929884903788e+00
9.550000000000000000e+02 -4.988136016678256013e+00 5.130462582513086289e+00
9.560000000000000000e+02 -4.823997190250191025e+00 7.004630019030585686e+00
9.570000000000000000e+02 -4.679582185249410387e+00 5.421871822878283176e+00
9.580000000000000000e+02 -4.273925714373034701e+00 1.143476816744714419e+01
9.590000000000000000e+02 -3.670207819122579984e+00 5.005872843159823837e+00
9.600000000000000000e+02 -3.158723048564048064e+00 6.240338664887744358e+00
9.610000000000000000e+02 -4.766923644261732207e+00 6.090785691842290461e+00
9.620000000000000000e+02 -4.538947863512315273e+00 6.217513291432426925e+00
9.630000000000000000e+02 -4.180242402789948741e+00 7.078188395832148316e+00
9.640000000000000000e+02 -3.074258885852845680e+00 5.954945226160473837e+00
9.650000000000000000e+02 -4.165287617870613524e+00 5.416400592347556220e+00
9.660000000000000000e+02 -4.513297931540845020e+00 7.392110048328877525e+00
9.670000000000000000e+02 -4.114099655095990293e+00 8.584284951756744775e+00
9.680000000000000000e+02 -4.925935055291240872e+00 5.203927285137503134e+00
9.690000000000000000e+02 -3.750964777399693695e+00 5.504514697874498097e+00
9.700000000000000000e+02 -3.927796370808780857e+00 6.117843469688577507e+00
9.710000000000000000e+02 -4.310159674757905179e+00 5.438773429240304047e+00
9.720000000000000000e+02 -4.595585096295360827e+00 5.578710168750220966e+00
9.730000000000000000e+02 -4.977259514363666426e+00 7.855887416384387478e+00
9.740000000000000000e+02 -4.841382775026936258e+00 6.685041734232248345e+00
9.750000000000000000e+02 -3.056265896258079096e+00 6.642644341777788064e+00
9.760000000000000000e+02 -3.244995624981755533e+00 5.236526079494485231e+00
9.770000000000000000e+02 -3.948886218191518527e+00 7.581544022499080882e+00
9.780000000000000000e+02 -4.863513225703651521e+00 5.941360551365575837e+00
9.790000000000000000e+02 -3.409970608649183443e+00 5.135413301996069713e+00
9.800000000000000000e+02 -4.538726745932510909e+00 5.099402071968169636e+00
9.810000000000000000e+02 -3.533217903227815704e+00 5.602338957129090247e+00
9.820000000000000000e+02 -3.776254733393965779e+00 9.344105584834643707e+00
9.830000000000000000e+02 -3.801339796346224098e+00 5.197012828216498903e+00
9.840000000000000000e+02 -4.312735668498325126e+00 6.129353049928948138e+00
9.850000000000000000e+02 -3.590107072727398929e+00 5.567805458522744999e+00
9.860000000000000000e+02 -3.510007206292691251e+00 7.598431999842437889e+00
9.870000000000000000e+02 -3.722052657738113002e+00 6.005085423115117393e+00
9.880000000000000000e+02 -4.228224272843177367e+00 6.891193670172296670e+00
9.890000000000000000e+02 -3.110506130835693384e+00 1.011875712112667713e+01
9.900000000000000000e+02 -4.613396198789326164e+00 7.889481114749443691e+00
9.910000000000000000e+02 -3.045289030645394135e+00 6.231014756454945847e+00
9.920000000000000000e+02 -3.154057625159834455e+00 5.086921772254876295e+00
9.930000000000000000e+02 -3.485866363804881463e+00 6.737840915710078704e+00
9.940000000000000000e+02 -4.090542252072410179e+00 5.055305928641732116e+00
9.950000000000000000e+02 -3.730182778763505347e+00 9.849337733711054810e+00
9.960000000000000000e+02 -4.424130656876967826e+00 5.214918657467764618e+00
9.970000000000000000e+02 -4.785171386068608257e+00 6.976991615819338577e+00
9.980000000000000000e+02 -4.774394509131823838e+00 7.673850382882035248e+00
9.990000000000000000e+02 -4.132736187774660230e+00 6.991430844824574997e+00
1.000000000000000000e+03 -3.629824486675718553e+00 7.455959509988548284e+00
1.001000000000000000e+03 -4.404999812703046302e+00 6.164464585517087869e+00
1.002000000000000000e+03 -3.676336795805823954e+00 5.910073154907467874e+00
1.003000000000000000e+03 -3.889904392856768478e+00 5.656524434754304664e+00
1.004000000000000000e+03 -4.517637024459237871e+00 6.586263674183570949e+00
1.005000000000000000e+03 -3.358483684548827952e+00 5.215104745207701065e+00
1.006000000000000000e+03 -4.723042297560885672e+00 5.658219519875721915e+00
1.007000000000000000e+03 -4.748821685361803269e+00 5.961077291255346466e+00
1.008000000000000000e+03 -3.827703241253616717e+00 5.895407589773101975e+00
1.009000000000000000e+03 -3.111333798011213680e+00 9.074905298172826207e+00
1.010000000000000000e+03 -3.561512180567054653e+00 1.122300571887142340e+01
1.011000000000000000e+03 -4.228169704299105547e+00 6.580821123175462084e+00
1.012000000000000000e+03 -3.627603525886178737e+00 6.035303227602341281e+00
1.013000000000000000e+03 -4.953748159740710477e+00 6.323708478938639743e+00
1.014000000000000000e+03 -4.600507954996017723e+00 5.019656442248347616e+00
1.015000000000000000e+03 -4.681944788176892303e+00 5.010913250690330223e+00
1.016000000000000000e+03 -3.249627583827972011e+00 5.468264680324818272e+00
1.017000000000000000e+03 -4.521595672965998958e+00 8.784972485592986047e+00
1.018000000000000000e+03 -4.272051808255219463e+00 6.480804632440365864e+00
1.019000000000000000e+03 -4.464551378609852073e+00 6.587226859438017001e+00
1.020000000000000000e+03 -3.462421658616880116e+00 6.047559251918331213e+00
1.021000000000000000e+03 -3.526195388088156690e+00 1.150223451497775784e+01
1.022000000000000000e+03 -3.876830166646649811e+00 5.324182043943512355e+00
1.023000000000000000e+03 -4.573073890640903194e+00 5.947452186768052762e+00
1.024000000000000000e+03 -3.849306619628428905e+00 9.688520588736857064e+00
1.025000000000000000e+03 -3.405158227561702056e+00 7.465748393513305103e+00
1.026000000000000000e+03 -3.847578245218988613e+00 6.257234845721975525e+00
1.027000000000000000e+03 -4.947047563233098799e+00 5.458386085446861102e+00
1.028000000000000000e+03 -4.506447295946095721e+00 8.575586507764393573e+00
1.029000000000000000e+03 -3.889623566925296316e+00 5.195037244447556546e+00
1.030000000000000000e+03 -3.174326921724969885e+00 8.245383718439716958e+00
1.031000000000000000e+03 -3.261473893345955055e+00 6.491519686394896738e+00
1.032000000000000000e+03 -3.137842297298713667e+00 5.445476964805989084e+00
1.033000000000000000e+03 -3.534543379195328683e+00 9.433944551509153342e+00
1.034000000000000000e+03 -4.292178942245018725e+00 1.220375354835870496e+01
1.035000000000000000e+03 -3.750576568599201188e+00 6.200666752510369584e+00
1.036000000000000000e+03 -3.915519020334655043e+00 6.342991246672037065e+00
1.037000000000000000e+03 -4.483569314245613668e+00 5.276447196326743416e+00
1.038000000000000000e+03 -3.499989767352407188e+00 5.303202556023342673e+00
1.039000000000000000e+03 -3.206749211655011145e+00 6.460469849778203155e+00
1.040000000000000000e+03 -3.464534002989339889e+00 5.932640072670649189e+00
1.041000000000000000e+03 -3.182440079242560671e+00 7.268525918603689462e+00
1.042000000000000000e+03 -3.112292146869140019e+00 1.060007558712075593e+01
1.043000000000000000e+03 -3.395537062788616112e+00 6.759735121921019108e+00
1.044000000000000000e+03 -3.229952413742972261e+00 5.586126838064817690e+00
1.045000000000000000e+03 -4.915580630027199582e+00 5.913249588526381828e+00
1.046000000000000000e+03 -4.174308510158810215e+00 1.267550239985499871e+01
1.047000000000000000e+03 -3.440761583540128399e+00 9.123922628994066031e+00
1.048000000000000000e+03 -4.943817537572829934e+00 5.136015066968751874e+00
1.049000000000000000e+03 -3.853038046445682596e+00 6.827874514800360117e+00
1.050000000000000000e+03 -4.195354746289354786e+00 6.539884893825723466e+00
1.051000000000000000e+03 -3.135051851884879781e+00 8.298841106440026039e+00
1.052000000000000000e+03 -4.621486706198701278e+00 5.964098991435446528e+00
1.053000000000000000e+03 -3.324755616191501062e+00 7.965910505295694222e+00
1.054000000000000000e+03 -3.929452905656412476e+00 6.115330911515086676e+00
1.055000000000000000e+03 -4.909543279985403075e+00 1.090833429133556010e+01
1.056000000000000000e+03 -4.122349750368353050e+00 6.067954313948597189e+00
1.057000000000000000e+03 -3.381624342504272462e+00 1.065768970946143668e+01
1.058000000000000000e+03 -4.540377683113225871e+00 6.576048500340825775e+00
1.059000000000000000e+03 -3.396480422068798077e+00 5.886299203598245100e+00
1.060000000000000000e+03 -3.038361919095088126e+00 5.987807219937603342e+00
1.061000000000000000e+03 -4.983117813937237628e+00 5.104952085291536434e+00
1.062000000000000000e+03 -3.704282902699700841e+00 9.000432533653350831e+00
1.063000000000000000e+03 -4.396594469386430504e+00 5.268622369955698659e+00
1.064000000000000000e+03 -4.241301525650122528e+00 6.875150033035696495e+00
1.065000000000000000e+03 -4.689077531575366109e+00 7.488409796691813725e+00
1.066000000000000000e+03 -3.479062177895727803e+00 1.041170959081773972e+01
1.067000000000000000e+03 -4.712809001193247305e+00 5.119491269875179107e+00
1.068000000000000000e+03 -4.710248396987264385e+00 7.793831345985555714e+00
1.069000000000000000e+03 -4.772873747468445060e+00 5.435275824946208090e+00
1.070000000000000000e+03 -3.325422473985343519e+00 8.137833805990887015e+00
1.071000000000000000e+03 -4.768889519477216510e+00 5.410203546561416665e+00
1.072000000000000000e+03 -4.461434353505942418e+00 9.448393595490339081e+00
1.073000000000000000e+03 -4.945818364665245603e+00 8.615987143707952711e+00
1.074000000000000000e+03 -4.605158945861678177e+00 8.554286266422252538e+00
1.075000000000000000e+03 -3.668145699320434439e+00 1.498651315289578889e+01
1.076000000000000000e+03 -3.761091506996105061e+00 5.386162051475935186e+00
1.077000000000000000e+03 -4.717218709162720458e+00 6.750178516592962197e+00
1.078000000000000000e+03 -3.307593377735376095e+00 8.779790301981368117e+00
1.079000000000000000e+03 -4.507069657975360855e+00 5.898201676021204598e+00
1.080000000000000000e+03 -3.813015370405682170e+00 7.556713973903845805e+00
1.081000000000000000e+03 -4.384210657558273994e+00 5.047217125012346095e+00
1.082000000000000000e+03 -3.700938948622162883e+00 6.027151755194300797e+00
1.083000000000000000e+03 -4.275909981628494450e+00 5.692074311905190420e+00
1.084000000000000000e+03 -4.035632235232417209e+00 5.639023711964346042e+00
1.085000000000000000e+03 -3.296730005928003138e+00 9.450622660508601669e+00
1.086000000000000000e+03 -4.436368406291401278e+00 6.609471926416121690e+00
1.087000000000000000e+03 -3.495876625573605345e+00 1.411240079223119537e+01
1.088000000000000000e+03 -4.423442954587710751e+00 8.910983165168348208e+00
1.089000000000000000e+03 -4.190555302252929160e+00 7.201652861176161657e+00
1.090000000000000000e+03 -3.043094919114293084e+00 7.924831375168373881e+00
1.091000000000000000e+03 -3.218745702448365442e+00 5.701742186497869014e+00
1.092000000000000000e+03 -4.558035555334309485e+00 8.439832490588774050e+00
1.093000000000000000e+03 -3.962631816845366028e+00 7.263918943354869207e+00
1.094000000000000000e+03 -4.121408020180035159e+00 7.653167799377506242e+00
1.095000000000000000e+03 -4.159723472165535618e+00 6.103438926637887008e+00
1.096000000000000000e+03 -4.408630991323920334e+00 5.738431024687201010e+00
1.097000000000000000e+03 -3.995464367674706807e+00 6.404021781580445882e+00
1.098000000000000000e+03 -3.037403336208940097e+00 7.790195212163276040e+00
1.099000000000000000e+03 -3.010785352256436731e+00 5.376410766684013964e+00
1.100000000000000000e+03 -4.638205102231068189e+00 6.777177834064135098e+00
1.101000000000000000e+03 -3.990893051395031144e+00 6.644949809040403998e+00
1.102000000000000000e+03 -3.399567132688036786e+00 5.141247750372935243e+00
1.103000000000000000e+03 -3.969266305433149178e+00 5.374458411633454169e+00
1.104000000000000000e+03 -3.026008806351216052e+00 1.335502689085469541e+01
1.105000000000000000e+03 -4.169606844888269492e+00 5.115409352540538634e+00
1.106000000000000000e+03 -4.602410577381996326e+00 1.030274464301788129e+01
1.107000000000000000e+03 -4.695038107098817193e+00 6.439971468224989337e+00
1.108000000000000000e+03 -4.669482941612185023e+00 1.286003115398970387e+01
1.109000000000000000e+03 -3.818308413824674119e+00 7.440424224984868218e+00
1.110000000000000000e+03 -4.242382138925041346e+00 6.800685240523277386e+00
1.111000000000000000e+03 -3.615395959786437796e+00 5.332804261609735974e+00
1.112000000000000000e+03 -4.136466334818777568e+00 8.785927016836557968e+00
1.113000000000000000e+03 -3.582623881643596242e+00 6.854335980067896905e+00
1.114000000000000000e+03 -3.461713399769255073e+00 6.605532930760832144e+00
1.115000000000000000e+03 -3.640331401384459653e+00 5.722285890751391157e+00
1.116000000000000000e+03 -4.067106118496614187e+00 6.208086425309391920e+00
1.117000000000000000e+03 -4.274798031373913787e+00 5.695677012617497148e+00
1.118000000000000000e+03 -4.829820216429622448e+00 1.006244708558518752e+01
1.119000000000000000e+03 -4.908394610985683748e+00 5.061425027770614093e+00
1.120000000000000000e+03 -4.467733687139618937e+00 6.298369318174560583e+00
1.121000000000000000e+03 -4.388210872324775913e+00 7.543877161541622911e+00
1.122000000000000000e+03 -3.900560920673413090e+00 5.906680581910397798e+00
1.123000000000000000e+03 -4.736119727402630986e+00 5.348956432514146542e+00
1.124000000000000000e+03 -3.355274468514023667e+00 6.785572264880397775e+00
1.125000000000000000e+03 -4.031514110470384438e+00 5.311961870170463840e+00
1.126000000000000000e+03 -3.503208974136502896e+00 7.199738540227819783e+00
1.127000000000000000e+03 -4.924528493732930556e+00 1.678643312258696341e+01
1.128000000000000000e+03 -3.716710188554694483e+00 8.478290438851217914e+00
1.129000000000000000e+03 -4.027574136950967443e+00 1.076633119954659534e+01
1.130000000000000000e+03 -4.824394247910327671e+00 5.964337412869181954e+00
1.131000000000000000e+03 -4.494958269938583939e+00 9.890008245189406466e+00
1.132000000000000000e+03 -3.290689498246753608e+00 6.856739120237956620e+00
1.133000000000000000e+03 -4.324055553212737379e+00 6.271382378826737103e+00
1.134000000000000000e+03 -3.231303081657344034e+00 6.469241769264452380e+00
1.135000000000000000e+03 -3.902957281084317831e+00 6.175911027168594636e+00
1.136000000000000000e+03 -3.293276449549634055e+00 6.070348848655348739e+00
1.137000000000000000e+03 -4.412981505504866675e+00 6.050190882168475781e+00
1.138000000000000000e+03 -3.076946449040158349e+00 5.957550952767660668e+00
1.139000000000000000e+03 -4.682220488218676202e+00 6.091421508120279604e+00
1.140000000000000000e+03 6.000000000000000000e+00 1.411724314171885375e+01
1.141000000000000000e+03 6.040404040404040664e+00 1.410299927655350416e+01
1.142000000000000000e+03 6.080808080808080440e+00 1.423061087111243062e+01
1.143000000000000000e+03 6.121212121212121104e+00 1.439387793242128666e+01
1.144000000000000000e+03 6.161616161616161769e+00 1.465455292152276989e+01
1.145000000000000000e+03 6.202020202020202433e+00 1.472824979508752108e+01
1.146000000000000000e+03 6.242424242424242209e+00 1.480215760900538768e+01
1.147000000000000000e+03 6.282828282828282873e+00 1.473332475426403221e+01
1.148000000000000000e+03 6.323232323232323537e+00 1.472653405585543673e+01
1.149000000000000000e+03 6.363636363636363313e+00 1.508292664752496570e+01
1.150000000000000000e+03 6.404040404040403978e+00 1.475588321149488991e+01
1.151000000000000000e+03 6.444444444444444642e+00 1.481962362677140810e+01
1.152000000000000000e+03 6.484848484848484418e+00 1.499319683728614017e+01
1.153000000000000000e+03 6.525252525252525082e+00 1.501999334305947187e+01
1.154000000000000000e+03 6.565656565656565746e+00 1.491493744052969106e+01
1.155000000000000000e+03 6.606060606060606410e+00 1.509330011028148633e+01
1.156000000000000000e+03 6.646464646464646187e+00 1.502343131264765752e+01
1.157000000000000000e+03 6.686868686868686851e+00 1.480987986011861324e+01
1.158000000000000000e+03 6.727272727272727515e+00 1.490320795784210794e+01
1.159000000000000000e+03 6.767676767676768179e+00 1.450895516026164955e+01
1.160000000000000000e+03 6.808080808080807955e+00 1.460279941322462705e+01
1.161000000000000000e+03 6.848484848484848619e+00 1.433054215330393077e+01
1.162000000000000000e+03 6.888888888888889284e+00 1.452272877010896934e+01
1.163000000000000000e+03 6.929292929292929060e+00 1.420423131958165364e+01
1.164000000000000000e+03 6.969696969696969724e+00 1.425873841069183001e+01
1.165000000000000000e+03 7.010101010101010388e+00 1.377333854867421614e+01
1.166000000000000000e+03 7.050505050505050164e+00 1.380688922600121415e+01
1.167000000000000000e+03 7.090909090909090828e+00 1.389944044799169198e+01
1.168000000000000000e+03 7.131313131313131493e+00 1.357160670580534401e+01
1.169000000000000000e+03 7.171717171717171269e+00 1.334461597028195889e+01
1.170000000000000000e+03 7.212121212121211933e+00 1.322421042379344236e+01
1.171000000000000000e+03 7.252525252525252597e+00 1.338830955432995395e+01
1.172000000000000000e+03 7.292929292929293261e+00 1.302204701815428223e+01
1.173000000000000000e+03 7.333333333333333925e+00 1.323166643497542871e+01
1.174000000000000000e+03 7.373737373737373701e+00 1.317127461661839227e+01
1.175000000000000000e+03 7.414141414141414366e+00 1.315234186654579673e+01
1.176000000000000000e+03 7.454545454545455030e+00 1.291323546570851555e+01
1.177000000000000000e+03 7.494949494949494806e+00 1.283916435001497369e+01
1.178000000000000000e+03 7.535353535353535470e+00 1.311349491774173970e+01
1.179000000000000000e+03 7.575757575757576134e+00 1.313734547739166025e+01
1.180000000000000000e+03 7.616161616161615910e+00 1.298726882469165922e+01
1.181000000000000000e+03 7.656565656565656575e+00 1.304693415020590308e+01
1.182000000000000000e+03 7.696969696969697239e+00 1.329847590142352587e+01
1.183000000000000000e+03 7.737373737373737015e+00 1.306716144544422953e+01
1.184000000000000000e+03 7.777777777777777679e+00 1.326392076734054015e+01
1.185000000000000000e+03 7.818181818181818343e+00 1.359744563094679215e+01
1.186000000000000000e+03 7.858585858585859008e+00 1.362168223415809365e+01
1.187000000000000000e+03 7.898989898989899672e+00 1.384388355564910711e+01
1.188000000000000000e+03 7.939393939393939448e+00 1.384995258534129192e+01
1.189000000000000000e+03 7.979797979797980112e+00 1.385095612690307476e+01
1.190000000000000000e+03 8.020202020202020776e+00 1.422433398518392877e+01
1.191000000000000000e+03 8.060606060606060552e+00 1.423198750652619538e+01
1.192000000000000000e+03 8.101010101010100328e+00 1.432047538820834198e+01
1.193000000000000000e+03 8.141414141414141881e+00 1.424510626172073557e+01
1.194000000000000000e+03 8.181818181818181657e+00 1.451081074398604720e+01
1.195000000000000000e+03 8.222222222222221433e+00 1.453837314530927038e+01
1.196000000000000000e+03 8.262626262626262985e+00 1.470811615683431661e+01
1.197000000000000000e+03 8.303030303030302761e+00 1.467674206507811974e+01
1.198000000000000000e+03 8.343434343434342537e+00 1.471738469930899917e+01
1.199000000000000000e+03 8.383838383838384090e+00 1.503272562623046937e+01
1.200000000000000000e+03 8.424242424242423866e+00 1.516621618766368940e+01
1.201000000000000000e+03 8.464646464646465418e+00 1.506900048770820355e+01
1.202000000000000000e+03 8.505050505050505194e+00 1.510728077777427281e+01
1.203000000000000000e+03 8.545454545454546746e+00 1.512326265007296122e+01
1.204000000000000000e+03 8.585858585858586522e+00 1.490829654263211346e+01
1.205000000000000000e+03 8.626262626262626299e+00 1.493334437985066110e+01
1.206000000000000000e+03 8.666666666666667851e+00 1.494328174223221239e+01
1.207000000000000000e+03 8.707070707070707627e+00 1.496304135889564790e+01
1.208000000000000000e+03 8.747474747474747403e+00 1.463046030935292485e+01
1.209000000000000000e+03 8.787878787878788955e+00 1.470574603735893682e+01
1.210000000000000000e+03 8.828282828282828731e+00 1.452933949758364029e+01
1.211000000000000000e+03 8.868686868686868507e+00 1.420753813447916869e+01
1.212000000000000000e+03 8.909090909090910060e+00 1.436686648097431451e+01
1.213000000000000000e+03 8.949494949494949836e+00 1.407581427919884831e+01
1.214000000000000000e+03 8.989898989898989612e+00 1.407236432241606572e+01
1.215000000000000000e+03 9.030303030303031164e+00 1.393369986158286800e+01
1.216000000000000000e+03 9.070707070707070940e+00 1.371810875228745275e+01
1.217000000000000000e+03 9.111111111111110716e+00 1.366016813904798965e+01
1.218000000000000000e+03 9.151515151515152269e+00 1.371941367775891862e+01
1.219000000000000000e+03 9.191919191919192045e+00 1.328789836733298202e+01
1.220000000000000000e+03 9.232323232323231821e+00 1.329532906501392020e+01
1.221000000000000000e+03 9.272727272727273373e+00 1.331704880567537330e+01
1.222000000000000000e+03 9.313131313131313149e+00 1.313720065221865951e+01
1.223000000000000000e+03 9.353535353535352925e+00 1.322017741955299996e+01
1.224000000000000000e+03 9.393939393939394478e+00 1.294172458223387956e+01
1.225000000000000000e+03 9.434343434343434254e+00 1.297039425554623193e+01
1.226000000000000000e+03 9.474747474747474030e+00 1.298550891511034422e+01
1.227000000000000000e+03 9.515151515151515582e+00 1.299093816197298423e+01
1.228000000000000000e+03 9.555555555555555358e+00 1.302232992365723518e+01
1.229000000000000000e+03 9.595959595959596911e+00 1.301105992238256270e+01
1.230000000000000000e+03 9.636363636363636687e+00 1.295225966055463296e+01
1.231000000000000000e+03 9.676767676767676463e+00 1.325191464666232832e+01
1.232000000000000000e+03 9.717171717171718015e+00 1.312652331916618209e+01
1.233000000000000000e+03 9.757575757575757791e+00 1.330572560665171444e+01
1.234000000000000000e+03 9.797979797979799343e+00 1.334792674875321339e+01
1.235000000000000000e+03 9.838383838383839120e+00 1.341969657715058872e+01
1.236000000000000000e+03 9.878787878787878896e+00 1.342992236296414355e+01
1.237000000000000000e+03 9.919191919191920448e+00 1.357931844668476806e+01
1.238000000000000000e+03 9.959595959595960224e+00 1.400761844153319480e+01
1.239000000000000000e+03 1.000000000000000000e+01 1.380722215128165864e+01
