# Kepler Asteroseismic Data
# KIC number: 11017077
# Season:     Q4
# TRF:        0
# Version:    7
# Time is in truncated barycentric julian date
# Time (days), Raw Flux, Raw Flux error, Corrected Flux, Corrected Flux error
#-----------------------------------------------------------
    55185.3769350 7.20952344e+04 7.90958023e+00           -Inf           -Inf
    55185.3973682 6.84682656e+04 7.75617886e+00 7.43967188e+04 8.36852837e+00
    55185.4178015           -Inf           -Inf           -Inf           -Inf
    55185.4382346 5.78728711e+04 7.29009819e+00 6.28801523e+04 7.88532972e+00
    55185.4586678 5.44049570e+04 7.12695932e+00 5.91143320e+04 7.69982862e+00
    55185.4791009 5.49452773e+04 7.15459824e+00 5.96998438e+04 7.73482180e+00
    55185.4995341 5.92552344e+04 7.35251284e+00 6.43822695e+04 7.95202065e+00
    55185.5199673 6.50695703e+04 7.60787296e+00 7.07033047e+04 8.21494389e+00
    55185.5404004 7.01750547e+04 7.83114433e+00 7.62499219e+04 8.45834255e+00
    55185.5608337 7.36350156e+04 7.97482634e+00 8.00088203e+04 8.61849594e+00
    55185.5812668 7.59398594e+04 8.06863022e+00 8.25160781e+04 8.71159458e+00
    55185.6016999 7.78561641e+04 8.14503002e+00 8.45966641e+04 8.80440235e+00
    55185.6221332 7.91865078e+04 8.20251560e+00 8.60398359e+04 8.87271976e+00
    55185.6425664 7.97042500e+04 8.22524929e+00 8.66080938e+04 8.87122440e+00
    55185.6629995 7.94976719e+04 8.21683407e+00 8.63800703e+04 8.88187122e+00
    55185.6834327 7.86515156e+04 8.17863178e+00 8.54598281e+04 8.84230328e+00
    55185.7038659 7.73642344e+04 8.12622833e+00 8.40647266e+04 8.77315521e+00
    55185.7242991 7.60143047e+04 8.07141972e+00 8.25949531e+04 8.72438526e+00
    55185.7447323 7.43983984e+04 8.00694752e+00 8.08383438e+04 8.65769196e+00
    55185.7651655 7.23445234e+04 7.91936159e+00 7.86081953e+04 8.55321503e+00
    55185.7855986 7.03307422e+04 7.83773470e+00 7.64168203e+04 8.48200798e+00
    55185.8060317 6.88267031e+04 7.77163696e+00 7.47832422e+04 8.40936947e+00
    55185.8264650 6.83171953e+04 7.75007200e+00 7.42311953e+04 8.37616348e+00
    55185.8468982 6.89497031e+04 7.77707148e+00 7.49135234e+04 8.42430973e+00
    55185.8673313 7.04185938e+04 7.84174156e+00 7.65148750e+04 8.47702122e+00
    55185.8877645 7.21637266e+04 7.91241169e+00 7.84107344e+04 8.55533123e+00
    55185.9081977 7.38258125e+04 7.98252726e+00 8.02137422e+04 8.64412880e+00
    55185.9286308 7.51037188e+04 8.03623962e+00 8.16064141e+04 8.68366051e+00
    55185.9490641 7.63440625e+04 8.08676529e+00 8.29538750e+04 8.74322796e+00
    55185.9694973 7.74025391e+04 8.12763691e+00 8.41011250e+04 8.79502010e+00
    55185.9899304           -Inf           -Inf           -Inf           -Inf
    55186.0103635 7.78275859e+04 8.14397335e+00 8.45651250e+04 8.80853176e+00
    55186.0307968 7.69840469e+04 8.11166000e+00 8.36481172e+04 8.77620125e+00
    55186.0512300 7.55080547e+04 8.05194855e+00 8.20449688e+04 8.70816040e+00
    55186.0716631 7.35665391e+04 7.97237921e+00 7.99322422e+04 8.63272953e+00
    55186.0920964 7.10117500e+04 7.86683321e+00 7.71587344e+04 8.50914669e+00
    55186.1125296 6.68502422e+04 7.68952799e+00 7.26373516e+04 8.31646061e+00
    55186.1329626 6.14431992e+04 7.45108652e+00 6.67584453e+04 8.07004070e+00
    55186.1533959 5.63541172e+04 7.22035265e+00 6.12287188e+04 7.82118368e+00
    55186.1738291 5.41309141e+04 7.11488771e+00 5.88128516e+04 7.70739794e+00
    55186.1942622 5.60684375e+04 7.20768833e+00 6.09161367e+04 7.81254482e+00
    55186.2146955 6.11692148e+04 7.43954325e+00 6.64623047e+04 8.05464935e+00
    55186.2351287 6.69169609e+04 7.69232273e+00 7.27085859e+04 8.32554722e+00
    55186.2555618 7.15393828e+04 7.88772154e+00 7.77280000e+04 8.54708290e+00
    55186.2759949 7.44544453e+04 8.00706387e+00 8.08994062e+04 8.66627693e+00
    55186.2964282 7.65988516e+04 8.09690666e+00 8.32296250e+04 8.76376057e+00
    55186.3168613 7.83615391e+04 8.16617107e+00 8.51429688e+04 8.84326077e+00
    55186.3372945 7.94557188e+04 8.21280003e+00 8.63348125e+04 8.88631916e+00
    55186.3577277 7.97330938e+04 8.22786808e+00 8.66333984e+04 8.91143799e+00
    55186.3781609 7.92874297e+04 8.20644379e+00 8.61503594e+04 8.88412857e+00
    55186.3985941 7.82533516e+04 8.16035652e+00 8.50299219e+04 8.82276154e+00
    55186.4190273 7.69379141e+04 8.10981464e+00 8.35978359e+04 8.78101921e+00
    55186.4394604 7.55421875e+04 8.05458736e+00 8.20774062e+04 8.72771454e+00
    55186.4598936 7.37629062e+04 7.98004532e+00 8.01486250e+04 8.63671112e+00
    55186.4803269 7.17061953e+04 7.89421844e+00 7.79119375e+04 8.54954338e+00
    55186.5007600 6.98049609e+04 7.81513262e+00 7.58467812e+04 8.45946693e+00
    55186.5211932 6.85713984e+04 7.76160192e+00 7.45064609e+04 8.40497208e+00
    55186.5416264 6.84434922e+04 7.75651312e+00 7.43648672e+04 8.40519810e+00
    55186.5620596 6.93843984e+04 7.79461527e+00 7.53895000e+04 8.43973351e+00
    55186.5824928 7.09700391e+04 7.86522293e+00 7.71137109e+04 8.51071739e+00
    55186.6029259 7.26011797e+04 7.93786430e+00 7.88836719e+04 8.59998703e+00
    55186.6233591 7.43104922e+04 8.00173950e+00 8.07443359e+04 8.65925407e+00
    55186.6437923 7.55310781e+04 8.05294037e+00 8.20688984e+04 8.72191620e+00
    55186.6642255 7.67376406e+04 8.10258865e+00 8.33779453e+04 8.78017044e+00
    55186.6846588 7.76719141e+04 8.13804722e+00 8.43955156e+04 8.81310177e+00
    55186.7050919 7.80364141e+04 8.15233803e+00 8.47893594e+04 8.83476639e+00
    55186.7255251 7.76883750e+04 8.13890648e+00 8.44100391e+04 8.82220364e+00
    55186.7459584 7.66298281e+04 8.09813499e+00 8.32641016e+04 8.76548481e+00
    55186.7663915 7.49178203e+04 8.02917290e+00 8.14021016e+04 8.69887257e+00
    55186.7868247           -Inf           -Inf           -Inf           -Inf
    55186.8072577 6.98628828e+04 7.81845903e+00 7.59096016e+04 8.46874809e+00
    55186.8276910 6.51916328e+04 7.61517906e+00 7.08314219e+04 8.25495338e+00
    55186.8481242 5.96693477e+04 7.37097645e+00 6.48293750e+04 7.99310303e+00
    55186.8685574 5.52293711e+04 7.16754961e+00 6.00078477e+04 7.76717997e+00
    55186.8889906 5.43136758e+04 7.12451315e+00 5.90082969e+04 7.72829628e+00
    55186.9094238 5.74734258e+04 7.26988029e+00 6.24449766e+04 7.88034248e+00
    55186.9298570 6.29986875e+04 7.51791382e+00 6.84491328e+04 8.14904213e+00
    55186.9502902 6.85401953e+04 7.76051521e+00 7.44684688e+04 8.41418171e+00
    55186.9707234 7.24303203e+04 7.93272781e+00 7.86985391e+04 8.59422588e+00
    55186.9911566 7.51274219e+04 8.03791046e+00 8.16288203e+04 8.71253967e+00
    55187.0115897 7.71866094e+04 8.11956406e+00 8.38656641e+04 8.80218220e+00
    55187.0320230 7.87566797e+04 8.18458366e+00 8.55734297e+04 8.86777401e+00
    55187.0524562 7.96121562e+04 8.22079182e+00 8.65016797e+04 8.91156101e+00
    55187.0728893 7.96897734e+04 8.22393894e+00 8.65842031e+04 8.91659164e+00
    55187.0933226 7.90647109e+04 8.19731903e+00 8.59101719e+04 8.87658119e+00
    55187.1137557 7.79290312e+04 8.14901924e+00 8.46715078e+04 8.83631611e+00
    55187.1341888 7.65531562e+04 8.09535789e+00 8.31755156e+04 8.77907372e+00
    55187.1546221 7.50823672e+04 8.03580475e+00 8.15810703e+04 8.70840073e+00
    55187.1750552 7.31872266e+04 7.95777035e+00 7.95194375e+04 8.62611294e+00
    55187.1954884 7.11179531e+04 7.87163877e+00 7.72699922e+04 8.53744793e+00
    55187.2159217 6.93509531e+04 7.79511309e+00 7.53530000e+04 8.44822884e+00
    55187.2363549 6.84599844e+04 7.75740147e+00 7.43805156e+04 8.41597462e+00
    55187.2567880 6.86570469e+04 7.76566315e+00 7.45954219e+04 8.42261219e+00
    55187.2772212 6.98782812e+04 7.81708431e+00 7.59234297e+04 8.47775841e+00
    55187.2976545 7.15399688e+04 7.88953161e+00 7.77275078e+04 8.55878258e+00
    55187.3180876 7.32852422e+04 7.96166468e+00 7.96263516e+04 8.63321781e+00
    55187.3385208 7.46719062e+04 8.01994801e+00 8.11327031e+04 8.69616318e+00
    55187.3589541 7.59068125e+04 8.06798649e+00 8.24727500e+04 8.75146675e+00
    55187.3793872 7.70982656e+04 8.11636925e+00 8.37691484e+04 8.80238152e+00
    55187.3998204 7.78700391e+04 8.14747810e+00 8.46065234e+04 8.83687782e+00
    55187.4202537 7.80330781e+04 8.15447521e+00 8.47825469e+04 8.84717751e+00
    55187.4406868 7.74404062e+04 8.12984657e+00 8.41417422e+04 8.81637478e+00
    55187.4611200 7.61507188e+04 8.07769775e+00 8.27390859e+04 8.76118469e+00
    55187.4815533 7.43227031e+04 8.00422287e+00 8.07486484e+04 8.67427635e+00
    55187.5019864 7.21234062e+04 7.91348076e+00 7.83629375e+04 8.58352184e+00
    55187.5224196 6.85916172e+04 7.76308680e+00 7.45229531e+04 8.42309761e+00
    55187.5428528 6.35042930e+04 7.54136467e+00 6.89955234e+04 8.18229008e+00
    55187.5632861 5.80646367e+04 7.29918289e+00 6.30853633e+04 7.91940689e+00
    55187.5837192 5.45351367e+04 7.13488770e+00 5.92454727e+04 7.74162149e+00
    55187.6041524 5.49847422e+04 7.15713167e+00 5.97368281e+04 7.76826668e+00
    55187.6245857 5.91892031e+04 7.34886217e+00 6.43064766e+04 7.97358370e+00
    55187.6450188 6.49525234e+04 7.60584259e+00 7.05671953e+04 8.25415230e+00
    55187.6654520 7.01365859e+04 7.83065653e+00 7.62023203e+04 8.49589252e+00
    55187.6858853 7.36321953e+04 7.97564697e+00 8.00009922e+04 8.65411854e+00
    55187.7063184 7.59615938e+04 8.07058334e+00 8.25302031e+04 8.75504780e+00
    55187.7267516 7.79130938e+04 8.14928341e+00 8.46550000e+04 8.84030342e+00
    55187.7471849 7.93028125e+04 8.20842361e+00 8.61640625e+04 8.90643787e+00
    55187.7676180 7.99163828e+04 8.23278713e+00 8.68275625e+04 8.93372822e+00
    55187.7880512 7.97770156e+04 8.22767544e+00 8.66789844e+04 8.92749119e+00
    55187.8084844 7.89551094e+04 8.19466782e+00 8.57829766e+04 8.89252090e+00
    55187.8289176 7.76992500e+04 8.14127731e+00 8.44181562e+04 8.83172035e+00
    55187.8493508 7.63359609e+04 8.08472252e+00 8.29396641e+04 8.77334309e+00
    55187.8697840 7.46931953e+04 8.01901054e+00 8.11531328e+04 8.70293617e+00
    55187.8902173 7.26465625e+04 7.93461132e+00 7.89291172e+04 8.61253929e+00
    55187.9106504 7.05806328e+04 7.84829807e+00 7.66857812e+04 8.51685524e+00
    55187.9310836 6.90250078e+04 7.78231859e+00 7.49919062e+04 8.44619179e+00
    55187.9515168 6.85114062e+04 7.75922775e+00 7.44332344e+04 8.41746235e+00
    55187.9719500 6.90561484e+04 7.78385496e+00 7.50278438e+04 8.44597912e+00
    55187.9923832 7.04835078e+04 7.84439373e+00 7.65758750e+04 8.51453876e+00
    55188.0128164 7.22152422e+04 7.91751957e+00 7.84592109e+04 8.58979702e+00
    55188.0332496 7.38869062e+04 7.98749733e+00 8.02762969e+04 8.66556644e+00
    55188.0536827 7.51770000e+04 8.03993702e+00 8.16766406e+04 8.72263718e+00
    55188.0741159 7.64284219e+04 8.08848953e+00 8.30397656e+04 8.77560520e+00
    55188.0945492 7.75299531e+04 8.13500500e+00 8.42352344e+04 8.82847786e+00
    55188.1149824 7.81007188e+04 8.15790462e+00 8.48535703e+04 8.84410286e+00
    55188.1354155 7.79962969e+04 8.15374756e+00 8.47436797e+04 8.84442043e+00
    55188.1558488 7.71409062e+04 8.12011147e+00 8.38120156e+04 8.81343079e+00
    55188.1762821 7.56236094e+04 8.05729771e+00 8.21637422e+04 8.74533463e+00
    55188.1967152 7.36424766e+04 7.97806263e+00 8.00127422e+04 8.65909863e+00
    55188.2171485 7.11356953e+04 7.87463331e+00 7.72848750e+04 8.54116344e+00
    55188.2375817 6.70050234e+04 7.69401407e+00 7.27958047e+04 8.35151958e+00
    55188.2580148 6.15870508e+04 7.45832491e+00 6.69109375e+04 8.09605217e+00
    55188.2784480 5.65294453e+04 7.22985840e+00 6.14118359e+04 7.84737396e+00
    55188.2988813 5.41449453e+04 7.11740017e+00 5.88213242e+04 7.72665358e+00
    55188.3193144 5.59555352e+04 7.20261002e+00 6.07900664e+04 7.81918526e+00
    55188.3397476 6.09812891e+04 7.43281651e+00 6.62478906e+04 8.06778240e+00
    55188.3601809 6.67598359e+04 7.68158722e+00 7.25316797e+04 8.33720112e+00
    55188.3806140 7.14767812e+04 7.88821602e+00 7.76575469e+04 8.55796719e+00
    55188.4010472           -Inf           -Inf           -Inf           -Inf
    55188.4214805 7.66739609e+04 8.09835911e+00 8.33040859e+04 8.78648758e+00
    55188.4419137 7.84535938e+04 8.17133236e+00 8.52379219e+04 8.86431789e+00
    55188.4623469 7.95831016e+04 8.21962929e+00 8.64645234e+04 8.91959190e+00
    55188.4827802 7.99763281e+04 8.23549271e+00 8.68949219e+04 8.93421173e+00
    55188.5032134 7.96126328e+04 8.22068501e+00 8.64996641e+04 8.92000771e+00
    55188.5236465 7.86204219e+04 8.17951488e+00 8.54184609e+04 8.87428379e+00
    55188.5440797 7.73202109e+04 8.12676048e+00 8.40101953e+04 8.81678867e+00
    55188.5645130 7.59608984e+04 8.07054043e+00 8.25302109e+04 8.75928020e+00
    55188.5849461 7.41626016e+04 7.99885130e+00 8.05748672e+04 8.68382645e+00
    55188.6053793 7.20634922e+04 7.91189289e+00 7.82962109e+04 8.58722591e+00
    55188.6258126 7.01444141e+04 7.82862902e+00 7.62071875e+04 8.49564171e+00
    55188.6462457 6.88488672e+04 7.77450752e+00 7.48005703e+04 8.43734169e+00
    55188.6666789 6.86781328e+04 7.76762056e+00 7.46169297e+04 8.42948627e+00
    55188.6871123 6.95396172e+04 7.80363321e+00 7.55505000e+04 8.46502399e+00
    55188.7075455 7.10855703e+04 7.87006998e+00 7.72332891e+04 8.54513645e+00
    55188.7279786 7.24784688e+04 7.94225836e+00 7.87468906e+04 8.61544895e+00
    55188.7484119 7.43912031e+04 8.00731850e+00 8.08224688e+04 8.68969917e+00
    55188.7688451 7.56098516e+04 8.05719185e+00 8.21493984e+04 8.74538136e+00
    55188.7892782 7.68281719e+04 8.10700989e+00 8.34732969e+04 8.79862785e+00
    55188.8097114 7.77663672e+04 8.14534473e+00 8.44906719e+04 8.83676052e+00
    55188.8301446 7.81097734e+04 8.15832424e+00 8.48652656e+04 8.85514736e+00
    55188.8505779 7.77672266e+04 8.14539909e+00 8.44927500e+04 8.83767319e+00
    55188.8710111 7.66625078e+04 8.09942627e+00 8.32910625e+04 8.78793430e+00
    55188.8914443 7.49521016e+04 8.02950764e+00 8.14356953e+04 8.71611023e+00
    55188.9118775 7.29199297e+04 7.94556332e+00 7.92261016e+04 8.62402630e+00
    55188.9323106 7.00004062e+04 7.82248592e+00 7.60515078e+04 8.49135208e+00
    55188.9527439 6.53463984e+04 7.62408161e+00 7.09962734e+04 8.27695084e+00
    55188.9731771 5.98264453e+04 7.38132191e+00 6.49950469e+04 8.01203632e+00
    55188.9936103 5.53430391e+04 7.17599487e+00 6.01231484e+04 7.79136753e+00
    55189.0140436 5.42853594e+04 7.12400627e+00 5.89755391e+04 7.73460579e+00
    55189.0344768 5.73699297e+04 7.26693344e+00 6.23249883e+04 7.89032221e+00
    55189.0549100 6.28926172e+04 7.51456213e+00 6.83271328e+04 8.15720558e+00
    55189.0753431 6.84328438e+04 7.75777435e+00 7.43493984e+04 8.42137814e+00
    55189.0957764 7.25875703e+04 7.93273401e+00 7.88618047e+04 8.60469437e+00
    55189.1162096 7.51497578e+04 8.03735161e+00 8.16477500e+04 8.71985531e+00
    55189.1366428 7.72070781e+04 8.12286091e+00 8.38842891e+04 8.81757832e+00
    55189.1570761 7.88561094e+04 8.18908405e+00 8.56738047e+04 8.88368130e+00
    55189.1775093 7.97596250e+04 8.22633266e+00 8.66588750e+04 8.93257809e+00
    55189.1979424 7.99411562e+04 8.23333836e+00 8.68549453e+04 8.93879890e+00
    55189.2183757 7.94482031e+04 8.21452618e+00 8.63170938e+04 8.91322899e+00
    55189.2388089 7.83039922e+04 8.16764641e+00 8.50756953e+04 8.86348057e+00
    55189.2592421 7.69510000e+04 8.11303139e+00 8.36052891e+04 8.80721092e+00
    55189.2796754 7.54889766e+04 8.05245876e+00 8.20141094e+04 8.73347569e+00
    55189.3001086 7.34938594e+04 7.97006607e+00 7.98493672e+04 8.65341282e+00
    55189.3205418 7.13728750e+04 7.88439178e+00 7.75430547e+04 8.55733109e+00
    55189.3409749 6.96235859e+04 7.80693626e+00 7.56401016e+04 8.47117138e+00
    55189.3614082 6.86823984e+04 7.76820087e+00 7.46202422e+04 8.43169785e+00
    55189.3818415 6.88680469e+04 7.77559185e+00 7.48186094e+04 8.43241596e+00
    55189.4022746 7.00257344e+04 7.82557058e+00 7.60777734e+04 8.49187374e+00
    55189.4227079 7.16372500e+04 7.89496708e+00 7.78309844e+04 8.57199192e+00
    55189.4431411 7.33485391e+04 7.96426678e+00 7.96879375e+04 8.64122581e+00
    55189.4635742 7.47286875e+04 8.02080536e+00 8.11896484e+04 8.70316696e+00
    55189.4840076 7.59678359e+04 8.07125568e+00 8.25354922e+04 8.75880814e+00
    55189.5044408 7.71608906e+04 8.12122631e+00 8.38309141e+04 8.81052589e+00
    55189.5248739 7.79099844e+04 8.15250683e+00 8.46453516e+04 8.84336758e+00
    55189.5453071 7.80417734e+04 8.15768242e+00 8.47905234e+04 8.85521889e+00
    55189.5657404 7.74367344e+04 8.13280582e+00 8.41323281e+04 8.82754612e+00
    55189.5861736 7.61202656e+04 8.07854176e+00 8.27020234e+04 8.76549625e+00
    55189.6066068 7.42607656e+04 8.00270653e+00 8.06792031e+04 8.67968273e+00
    55189.6270401 7.20988672e+04 7.91344881e+00 7.83287656e+04 8.57981014e+00
    55189.6474732 6.86220625e+04 7.76563978e+00 7.45533438e+04 8.42621803e+00
    55189.6679064 6.35699023e+04 7.54459715e+00 6.90608750e+04 8.18314457e+00
    55189.6883398 5.81525117e+04 7.30540895e+00 6.31734727e+04 7.92589045e+00
    55189.7087729 5.45899453e+04 7.13930511e+00 5.93038477e+04 7.75059843e+00
    55189.7292061 5.48998125e+04 7.15353727e+00 5.96387344e+04 7.75966120e+00
    55189.7496394 5.90210703e+04 7.34519291e+00 6.41166055e+04 7.96323586e+00
    55189.7700725 6.47845039e+04 7.60098028e+00 7.03823438e+04 8.24902534e+00
    55189.7905058 6.99770469e+04 7.82247305e+00 7.60225000e+04 8.48281479e+00
    55189.8109390 7.35420078e+04 7.97205782e+00 7.98973906e+04 8.63967800e+00
    55189.8313722 7.58438750e+04 8.06782246e+00 8.24006484e+04 8.75505066e+00
    55189.8518054 7.78553359e+04 8.15113926e+00 8.45830938e+04 8.83166313e+00
    55189.8722387 7.92780938e+04 8.20652485e+00 8.61312891e+04 8.90284443e+00
    55189.8926719 7.99160859e+04 8.23231316e+00 8.68267734e+04 8.93365765e+00
    55189.9131051 7.98119844e+04 8.22865295e+00 8.67104766e+04 8.91573238e+00
    55189.9335383 7.90377266e+04 8.19625378e+00 8.58712500e+04 8.89048672e+00
    55189.9539717 7.78152031e+04 8.14919186e+00 8.45409609e+04 8.83588886e+00
    55189.9744048 7.64831641e+04 8.09285259e+00 8.30920781e+04 8.77277756e+00
    55189.9948380 7.48686953e+04 8.02638054e+00 8.13401250e+04 8.71145725e+00
    55190.0152713 7.28086953e+04 7.94323111e+00 7.91974609e+04 8.61583042e+00
    55190.0357044 7.07561719e+04 7.85815954e+00 7.70331016e+04 8.52124310e+00
    55190.0561377 6.91950234e+04 7.78870344e+00 7.53796172e+04 8.44836617e+00
    55190.0765708 6.86067734e+04 7.76525497e+00 7.47479141e+04 8.41578770e+00
    55190.0970041 6.91505078e+04 7.78696203e+00 7.53174375e+04 8.43741322e+00
    55190.1174374 7.04866562e+04 7.84506130e+00 7.67217266e+04 8.50706482e+00
    55190.1378705 7.21836719e+04 7.91697693e+00 7.84841641e+04 8.58191872e+00
    55190.1583038 7.38346797e+04 7.98502588e+00 8.02147812e+04 8.65184212e+00
    55190.1787370 7.51409062e+04 8.03720665e+00 8.16352578e+04 8.71152592e+00
    55190.1991703 7.64103203e+04 8.08999729e+00 8.30132188e+04 8.76641750e+00
    55190.2196035 7.74886953e+04 8.13670635e+00 8.41854375e+04 8.81789780e+00
    55190.2400367 7.80276641e+04 8.15760517e+00 8.47728906e+04 8.84646606e+00
    55190.2604699 7.79453281e+04 8.15425968e+00 8.46806094e+04 8.82974052e+00
    55190.2809033 7.71027344e+04 8.11790848e+00 8.37670625e+04 8.79723835e+00
    55190.3013364 7.55363359e+04 8.05507183e+00 8.20645156e+04 8.72878361e+00
    55190.3217696 7.35825469e+04 7.97397423e+00 7.99395859e+04 8.63565159e+00
    55190.3422028 7.11054297e+04 7.87223244e+00 7.72500234e+04 8.53369522e+00
    55190.3626361 6.70467422e+04 7.69405270e+00 7.28386953e+04 8.34124660e+00
    55190.3830693 6.16649961e+04 7.46243954e+00 6.69878594e+04 8.08738899e+00
    55190.4035024 5.65182148e+04 7.23029709e+00 6.13981016e+04 7.84603071e+00
    55190.4239358 5.41330469e+04 7.11756945e+00 5.83736250e+04 7.72086477e+00
    55190.4443690 5.58409922e+04 7.19835281e+00 5.92859062e+04 7.81123829e+00
    55190.4648022 6.08271211e+04 7.42445803e+00 6.41071953e+04 8.05738544e+00
    55190.4852355 6.66127266e+04 7.67632627e+00 7.01296719e+04 8.32646847e+00
    55190.5056687 7.13409062e+04 7.88184690e+00 7.53366250e+04 8.54485035e+00
    55190.5261018 7.43740625e+04 8.00746059e+00 7.90346328e+04 8.69122124e+00
    55190.5465350 7.65746641e+04 8.09637451e+00 8.21475000e+04 8.77880383e+00
    55190.5669684 7.83919141e+04 8.17133141e+00 8.51678594e+04 8.86102581e+00
    55190.5874015 7.95790703e+04 8.21805191e+00 8.64587734e+04 8.91035175e+00
    55190.6078347 8.00084453e+04 8.23623848e+00 8.69231172e+04 8.91703892e+00
    55190.6282681 7.96560703e+04 8.22083855e+00 8.65420547e+04 8.90523148e+00
    55190.6487012 7.87264297e+04 8.18411732e+00 8.55328281e+04 8.87067986e+00
    55190.6691344 7.73677422e+04 8.13233566e+00 8.40541094e+04 8.81584644e+00
    55190.6895678 7.60358828e+04 8.07584286e+00 8.26091797e+04 8.76044559e+00
    55190.7100009 7.41968516e+04 8.00071907e+00 8.06097969e+04 8.67709351e+00
    55190.7304341 7.20687188e+04 7.91262436e+00 7.82955391e+04 8.57657051e+00
    55190.7508675 7.01334219e+04 7.83117914e+00 7.61952656e+04 8.49713612e+00
    55190.7713006 6.88589531e+04 7.77699280e+00 7.48078672e+04 8.42648315e+00
    55190.7917338 6.86443516e+04 7.76707220e+00 7.45750859e+04 8.42179203e+00
    55190.8121671 6.95267891e+04 7.80380344e+00 7.55360625e+04 8.46815872e+00
    55190.8326004 7.10651719e+04 7.87077093e+00 7.72073281e+04 8.53742123e+00
    55190.8530335 7.24174297e+04 7.94239569e+00 7.86745781e+04 8.60379028e+00
    55190.8734668 7.43520625e+04 8.00650501e+00 8.07820234e+04 8.68968964e+00
    55190.8939001 7.55799062e+04 8.05587006e+00 8.21139062e+04 8.74338627e+00
    55190.9143332 7.68392344e+04 8.10765839e+00 8.34819766e+04 8.79438686e+00
    55190.9347665 7.77685078e+04 8.14766598e+00 8.44920078e+04 8.83695698e+00
    55190.9551998 7.80888984e+04 8.15969467e+00 8.48385625e+04 8.84374142e+00
    55190.9756329 7.76946484e+04 8.14482689e+00 8.44106484e+04 8.83134460e+00
    55190.9960662 7.65853438e+04 8.09685612e+00 8.32067188e+04 8.78497601e+00
    55191.0164995 7.48767812e+04 8.02711201e+00 8.13480547e+04 8.70387745e+00
    55191.0369326 7.28479922e+04 7.94504309e+00 7.91459453e+04 8.62198353e+00
    55191.0573659 6.99609688e+04 7.82199860e+00 7.60078594e+04 8.49048519e+00
    55191.0777991 6.53851953e+04 7.62590551e+00 7.10327188e+04 8.26987648e+00
    55191.0982323 5.98828594e+04 7.38363743e+00 6.50553359e+04 8.01353836e+00
    55191.1186656 5.53581992e+04 7.17401266e+00 6.01381484e+04 7.78879499e+00
    55191.1390988 5.42385586e+04 7.12480783e+00 5.89208594e+04 7.73363638e+00
    55191.1595322 5.71969375e+04 7.25977421e+00 6.21211758e+04 7.88380480e+00
    55191.1799653 6.27208984e+04 7.50864887e+00 6.80972188e+04 8.15028095e+00
    55191.2003985 6.82757969e+04 7.75102186e+00 7.41196094e+04 8.40860844e+00
    55191.2208319 7.24786484e+04 7.93050909e+00 7.86882812e+04 8.60756779e+00
    55191.2412650 7.50626328e+04 8.03559303e+00 8.15028828e+04 8.72178268e+00
    55191.2616982 7.71974766e+04 8.12340927e+00 8.38344922e+04 8.81330681e+00
    55191.2821316 7.88088672e+04 8.18768978e+00 8.56056406e+04 8.88950157e+00
    55191.3025647 7.97586719e+04 8.22492504e+00 8.66548359e+04 8.91939926e+00
    55191.3229980 7.99533672e+04 8.23406792e+00 8.68885938e+04 8.93655777e+00
    55191.3434312 7.93950625e+04 8.21063137e+00 8.63032734e+04 8.91569614e+00
    55191.3638644 7.82770938e+04 8.16720104e+00 8.51000781e+04 8.85865974e+00
    55191.3842977           -Inf           -Inf           -Inf           -Inf
    55191.4047308 7.54952422e+04 8.05276966e+00 8.20868359e+04 8.74204350e+00
    55191.4251642 7.34947109e+04 7.97070932e+00 7.98980469e+04 8.65263557e+00
    55191.4455974 7.13984766e+04 7.88409281e+00 7.75968594e+04 8.55776215e+00
    55191.4660305 6.95988281e+04 7.80721426e+00 7.56170078e+04 8.47651482e+00
    55191.4864639 6.86516953e+04 7.76778364e+00 7.45856719e+04 8.42782021e+00
    55191.5068971 6.88275391e+04 7.77500010e+00 7.47799375e+04 8.44230556e+00
    55191.5273303 7.00029688e+04 7.82389641e+00 7.60574062e+04 8.49623680e+00
    55191.5477635 7.16149688e+04 7.89246416e+00 7.78065938e+04 8.56588268e+00
    55191.5681968 7.32983125e+04 7.96280384e+00 7.96394297e+04 8.64768505e+00
    55191.5886300 7.47301250e+04 8.02299500e+00 8.11933828e+04 8.70848751e+00
    55191.6090632 7.59680938e+04 8.07300854e+00 8.25387266e+04 8.76477146e+00
    55191.6294966 7.71312891e+04 8.12058163e+00 8.38051641e+04 8.81524754e+00
    55191.6499297 7.78685156e+04 8.15166092e+00 8.46035234e+04 8.84571743e+00
    55191.6703630 7.79519141e+04 8.15486526e+00 8.46951328e+04 8.85408115e+00
    55191.6907963 7.73268203e+04 8.12832832e+00 8.40174062e+04 8.82584381e+00
    55191.7112295 7.59862266e+04 8.07395554e+00 8.25567188e+04 8.76164818e+00
    55191.7316627 7.41284609e+04 7.99561882e+00 8.05401328e+04 8.68115616e+00
    55191.7520960 7.19463359e+04 7.90953684e+00 7.81695938e+04 8.58887482e+00
    55191.7725293 6.85849922e+04 7.76542377e+00 7.45148828e+04 8.42921638e+00
    55191.7929624 6.35829258e+04 7.54756498e+00 6.90807109e+04 8.19736195e+00
    55191.8133957 5.81149727e+04 7.30367756e+00 6.31392070e+04 7.93310261e+00
    55191.8338290 5.44596055e+04 7.13467169e+00 5.91635117e+04 7.74552536e+00
    55191.8542621 5.47166914e+04 7.14594126e+00 5.94436289e+04 7.75613308e+00
    55191.8746954 5.87734766e+04 7.33449888e+00 6.38546328e+04 7.96402121e+00
    55191.8951287 6.45501836e+04 7.59187460e+00 7.01309844e+04 8.24315166e+00
    55191.9155619 6.98186875e+04 7.81664038e+00 7.58562266e+04 8.48538494e+00
    55191.9359951 7.34448516e+04 7.96887684e+00 7.97982266e+04 8.65375042e+00
    55191.9564285 7.58336641e+04 8.06619167e+00 8.23915156e+04 8.75362587e+00
    55191.9768616 7.78495469e+04 8.15085793e+00 8.45853125e+04 8.85101891e+00
    55191.9972949 7.92368906e+04 8.20447731e+00 8.60919062e+04 8.90508175e+00
    55192.0177282 7.99195078e+04 8.23142052e+00 8.68335391e+04 8.93570614e+00
    55192.0381615 7.98692344e+04 8.22949123e+00 8.67817656e+04 8.93480587e+00
    55192.0585946 7.91115234e+04 8.19957066e+00 8.59552656e+04 8.89986610e+00
    55192.0790279 7.78715156e+04 8.15215111e+00 8.46083750e+04 8.85120106e+00
    55192.0994612 7.64785391e+04 8.09404945e+00 8.30949219e+04 8.78854465e+00
    55192.1198943 7.48821641e+04 8.02917576e+00 8.13588359e+04 8.71700191e+00
    55192.1403276 7.27851328e+04 7.94293547e+00 7.90814688e+04 8.62426090e+00
    55192.1607609 7.07328750e+04 7.85550785e+00 7.68524297e+04 8.53308296e+00
    55192.1811941 6.91593438e+04 7.78922653e+00 7.51392578e+04 8.45607185e+00
    55192.2016273 6.85614922e+04 7.76450443e+00 7.44901875e+04 8.42957211e+00
    55192.2220607 6.90715312e+04 7.78590631e+00 7.50457734e+04 8.45517254e+00
    55192.2424938 7.04209062e+04 7.84173822e+00 7.65094688e+04 8.50784016e+00
    55192.2629271 7.21417266e+04 7.91770315e+00 7.83809609e+04 8.59349060e+00
    55192.2833603 7.37700469e+04 7.98185349e+00 8.01515078e+04 8.66659641e+00
    55192.3037936 7.51094922e+04 8.03802395e+00 8.16068359e+04 8.72898960e+00
    55192.3242268 7.63355391e+04 8.08859634e+00 8.29412031e+04 8.78355312e+00
    55192.3446601 7.73705547e+04 8.13011265e+00 8.40640703e+04 8.82332897e+00
    55192.3650933 7.79147734e+04 8.15355778e+00 8.46544688e+04 8.85166550e+00
    55192.3855266 7.77750000e+04 8.14795971e+00 8.45047500e+04 8.84844494e+00
    55192.4059597 7.69442891e+04 8.11392117e+00 8.35985547e+04 8.80342484e+00
    55192.4263931 7.54414688e+04 8.05055046e+00 8.19677188e+04 8.74000931e+00
    55192.4468263 7.34570312e+04 7.96941519e+00 7.98108203e+04 8.64925861e+00
    55192.4672595 7.10467969e+04 7.87017727e+00 7.71909609e+04 8.54506969e+00
    55192.4876928 6.70800859e+04 7.69848490e+00 7.28808438e+04 8.35681438e+00
    55192.5081261 6.17534570e+04 7.46657705e+00 6.70933359e+04 8.10585117e+00
    55192.5285592 5.66038086e+04 7.23192978e+00 6.14962969e+04 7.85403967e+00
    55192.5489925 5.41041953e+04 7.11913776e+00 5.87798789e+04 7.72962332e+00
    55192.5694258 5.57066758e+04 7.19180536e+00 6.05215469e+04 7.81005859e+00
    55192.5898591 6.06190000e+04 7.41426945e+00 6.58575234e+04 8.04777336e+00
    55192.6102922 6.64164062e+04 7.66998768e+00 7.21608516e+04 8.32772350e+00
    55192.6307256 7.12250234e+04 7.87756824e+00 7.73857734e+04 8.55084133e+00
    55192.6511589 7.42958516e+04 8.00363350e+00 8.07214922e+04 8.68566608e+00
    55192.6715920 7.65118281e+04 8.09746456e+00 8.31327031e+04 8.79181862e+00
    55192.6920254 7.83828516e+04 8.17171669e+00 8.51642734e+04 8.87299442e+00
    55192.7124586 7.95612422e+04 8.21772671e+00 8.64430625e+04 8.91827679e+00
    55192.7328918 8.00038828e+04 8.23597145e+00 8.69281953e+04 8.94336605e+00
    55192.7533251 7.96966562e+04 8.22303581e+00 8.65928281e+04 8.92689323e+00
    55192.7737584 7.87479375e+04 8.18565369e+00 8.55603359e+04 8.88145542e+00
    55192.7941915 7.74422734e+04 8.13309002e+00 8.41444141e+04 8.82712364e+00
    55192.8146248 7.60818672e+04 8.07633877e+00 8.26644141e+04 8.76908207e+00
    55192.8350581 7.42764297e+04 8.00334167e+00 8.07023984e+04 8.68829918e+00
    55192.8554914 7.21632266e+04 7.91668367e+00 7.84055469e+04 8.59156132e+00
    55192.8759246 7.02073203e+04 7.83367682e+00 7.62772578e+04 8.49748516e+00
    55192.8963579 6.89291484e+04 7.78031683e+00 7.48920234e+04 8.44765472e+00
    55192.9167912 6.86954922e+04 7.77110529e+00 7.46376719e+04 8.43479824e+00
    55192.9372243 6.95121641e+04 7.80383205e+00 7.55228984e+04 8.47003937e+00
    55192.9576577 7.10156172e+04 7.86698818e+00 7.71591797e+04 8.53870678e+00
    55192.9780909 7.24769766e+04 7.93999529e+00 7.87473828e+04 8.62156773e+00
    55192.9985241 7.42621875e+04 8.00278568e+00 8.06857031e+04 8.68464661e+00
    55193.0189575 7.54508594e+04 8.05115986e+00 8.19787578e+04 8.73933125e+00
    55193.0393907 7.66345000e+04 8.10181332e+00 8.32656406e+04 8.79562378e+00
    55193.0598239 7.75504688e+04 8.13720894e+00 8.42591016e+04 8.82535267e+00
    55193.0802571 7.78589766e+04 8.15165901e+00 8.45957031e+04 8.84873199e+00
    55193.1006905 7.74638516e+04 8.13418674e+00 8.41667734e+04 8.82968807e+00
    55193.1211236 7.64096641e+04 8.09325600e+00 8.30194219e+04 8.78156757e+00
    55193.1415569 7.47412891e+04 8.02373028e+00 8.12080078e+04 8.71022511e+00
    55193.1619902 7.27111875e+04 7.94013405e+00 7.90008672e+04 8.61862659e+00
    55193.1824234 6.99010000e+04 7.81930923e+00 7.59470000e+04 8.48033810e+00
    55193.2028567 6.54203047e+04 7.62810659e+00 7.10791094e+04 8.28129387e+00
    55193.2232899 5.99353828e+04 7.38456964e+00 6.51151484e+04 8.01081371e+00
    55193.2437232 5.53569297e+04 7.17470074e+00 6.01412383e+04 7.78601456e+00
    55193.2641565 5.41445859e+04 7.12098169e+00 5.88254883e+04 7.73188400e+00
    55193.2845898 5.70126562e+04 7.25253105e+00 6.19391523e+04 7.87140369e+00
    55193.3050230 6.24705273e+04 7.50144339e+00 6.78728047e+04 8.14317608e+00
    55193.3254562 6.81321484e+04 7.74526834e+00 7.40277109e+04 8.40742207e+00
    55193.3458894 7.24057344e+04 7.92594576e+00 7.86674531e+04 8.59814072e+00
    55193.3663228 7.50418594e+04 8.03570557e+00 8.15330781e+04 8.71777153e+00
    55193.3867560 7.72010547e+04 8.12372398e+00 8.38816172e+04 8.81921673e+00
    55193.4071892 7.88719141e+04 8.19046593e+00 8.56954922e+04 8.88844776e+00
    55193.4276225 7.98126094e+04 8.22879124e+00 8.67198672e+04 8.93314934e+00
    55193.4480558 8.00105703e+04 8.23640251e+00 8.69342344e+04 8.93673038e+00
    55193.4684891 7.94926953e+04 8.21649742e+00 8.63712266e+04 8.91397285e+00
    55193.4889223 7.84233750e+04 8.17330551e+00 8.52116484e+04 8.87191010e+00
    55193.5093556 7.70319141e+04 8.11767483e+00 8.36974062e+04 8.80302620e+00
    55193.5297889 7.55982500e+04 8.05714703e+00 8.21386016e+04 8.74156857e+00
    55193.5502221 7.36103047e+04 7.97701120e+00 7.99816094e+04 8.65522957e+00
    55193.5706554           -Inf           -Inf           -Inf           -Inf
    55193.5910886 6.96685000e+04 7.81026793e+00 7.56949766e+04 8.47747517e+00
    55193.6115218 6.86723047e+04 7.76925135e+00 7.46134609e+04 8.43421459e+00
    55193.6319552 6.87999609e+04 7.77524805e+00 7.47507109e+04 8.43807125e+00
    55193.6523884 6.99466250e+04 7.82124090e+00 7.59982812e+04 8.48838043e+00
    55193.6728216 7.14895078e+04 7.89021397e+00 7.76755547e+04 8.56173992e+00
    55193.6932550 7.31898828e+04 7.96076870e+00 7.95214297e+04 8.63544655e+00
    55193.7136882 7.45644453e+04 8.01452446e+00 8.10181328e+04 8.69748306e+00
    55193.7341215 7.57631484e+04 8.06645012e+00 8.23204375e+04 8.75188446e+00
    55193.7545548 7.69544609e+04 8.11455345e+00 8.36128203e+04 8.80546665e+00
    55193.7749880 7.76874297e+04 8.14263821e+00 8.44117969e+04 8.83828831e+00
    55193.7954213 7.77767344e+04 8.14606571e+00 8.45088516e+04 8.83807564e+00
    55193.8158545 7.71850391e+04 8.12330437e+00 8.37575078e+04 8.81081104e+00
    55193.8362878 7.58809766e+04 8.07107067e+00 8.21288203e+04 8.76209545e+00
    55193.8567211 7.40522031e+04 7.99432087e+00 7.99907188e+04 8.67628288e+00
    55193.8771543 7.19247891e+04 7.90748215e+00 7.76042969e+04 8.57731056e+00
    55193.8975876 6.85595000e+04 7.76351929e+00 7.39537031e+04 8.42847538e+00
    55193.9180209 6.36082070e+04 7.54881287e+00 6.86599844e+04 8.19189072e+00
    55193.9384541 5.81690898e+04 7.30641508e+00 6.29288320e+04 7.93132973e+00
    55193.9588874 5.44322734e+04 7.13384056e+00 5.91402812e+04 7.74387884e+00
    55193.9793207 5.45476484e+04 7.13896608e+00 5.92636367e+04 7.74933195e+00
    55193.9997539 5.85303320e+04 7.32233953e+00 6.35911172e+04 7.94682693e+00
    55194.0201872 6.42844688e+04 7.57687235e+00 6.98485703e+04 8.22308350e+00
    55194.0406204 6.95995859e+04 7.80737972e+00 7.56226562e+04 8.46972179e+00
    55194.0610537 7.32657969e+04 7.96373177e+00 7.96069297e+04 8.64531994e+00
    55194.0814869 7.56445312e+04 8.06203175e+00 8.21931250e+04 8.74350262e+00
    55194.1019203 7.76590469e+04 8.14169598e+00 8.43805000e+04 8.83454132e+00
    55194.1223535 7.91254219e+04 8.20180416e+00 8.59758594e+04 8.90574741e+00
    55194.1427867 7.98341641e+04 8.22996616e+00 8.67462812e+04 8.93368435e+00
    55194.1632201 7.97821484e+04 8.22778893e+00 8.66878906e+04 8.92941666e+00
    55194.1836533 7.90664453e+04 8.19966984e+00 8.59132266e+04 8.89718628e+00
    55194.2040865 7.78319766e+04 8.14859009e+00 8.45716953e+04 8.84392262e+00
    55194.2245199 7.64860000e+04 8.09465790e+00 8.31059609e+04 8.78386211e+00
    55194.2449531 7.48898516e+04 8.03001881e+00 8.13737500e+04 8.71613407e+00
    55194.2653864 7.28190547e+04 7.94629526e+00 7.91236172e+04 8.62045574e+00
    55194.2858197 7.07691875e+04 7.85845804e+00 7.68941406e+04 8.52580547e+00
    55194.3062529 6.91803984e+04 7.79075861e+00 7.51708359e+04 8.45635605e+00
    55194.3266862 6.85551484e+04 7.76369095e+00 7.44898047e+04 8.42218304e+00
    55194.3471194 6.90787500e+04 7.78703880e+00 7.50570234e+04 8.45078278e+00
    55194.3675527           -Inf           -Inf           -Inf           -Inf
    55194.3879860 7.20904453e+04 7.91392899e+00 7.83309453e+04 8.58853245e+00
    55194.4084193 7.37346719e+04 7.98229694e+00 8.01182031e+04 8.66601944e+00
    55194.4288526 7.50255547e+04 8.03512764e+00 8.15234141e+04 8.71625233e+00
    55194.4492858 7.62337969e+04 8.08458138e+00 8.28353438e+04 8.77330399e+00
    55194.4697191 7.72922188e+04 8.12780190e+00 8.39851797e+04 8.82345390e+00
    55194.4901525 7.78086484e+04 8.14759159e+00 8.45487969e+04 8.83717823e+00
    55194.5105856 7.76740703e+04 8.14251041e+00 8.44011016e+04 8.83347225e+00
    55194.5310189 7.68259219e+04 8.10978699e+00 8.34809141e+04 8.79701900e+00
    55194.5514523 7.53430547e+04 8.04940128e+00 8.18702812e+04 8.72683811e+00
    55194.5718855 7.33825156e+04 7.96866465e+00 7.97372188e+04 8.64324474e+00
    55194.5923187 7.10103203e+04 7.86779022e+00 7.71610625e+04 8.53758526e+00
    55194.6127520 6.71046094e+04 7.70145035e+00 7.29181484e+04 8.35148335e+00
    55194.6331853 6.18055664e+04 7.47013617e+00 6.71558203e+04 8.11107635e+00
    55194.6536185 5.65731914e+04 7.23305798e+00 6.14725664e+04 7.84930134e+00
    55194.6740518 5.39342461e+04 7.11109400e+00 5.86037188e+04 7.71889973e+00
    55194.6944851 5.53785508e+04 7.17597628e+00 6.01735234e+04 7.78359270e+00
    55194.7149184 6.02532578e+04 7.39832926e+00 6.54735586e+04 8.02577686e+00
    55194.7353517 6.60710078e+04 7.65784883e+00 7.17933281e+04 8.31394958e+00
    55194.7557849 7.09576562e+04 7.86596394e+00 7.71026953e+04 8.53460312e+00
    55194.7762182 7.40400156e+04 7.99459839e+00 8.04561328e+04 8.66892815e+00
    55194.7966515 7.63056875e+04 8.08778667e+00 8.29162812e+04 8.77524471e+00
    55194.8170848 7.81872344e+04 8.16235924e+00 8.49589062e+04 8.86039448e+00
    55194.8375180 7.94094297e+04 8.21262741e+00 8.62912891e+04 8.90529919e+00
    55194.8579513 7.98755547e+04 8.23190880e+00 8.67961172e+04 8.93355846e+00
    55194.8783845 7.96055703e+04 8.22134209e+00 8.65030781e+04 8.91825485e+00
    55194.8988179 7.86935781e+04 8.18562889e+00 8.55124375e+04 8.88375187e+00
    55194.9192510 7.73904766e+04 8.13149643e+00 8.40949297e+04 8.82671928e+00
    55194.9396843 7.60683516e+04 8.07846832e+00 8.27044688e+04 8.76596928e+00
    55194.9601177 7.42893438e+04 8.00433350e+00 8.09226641e+04 8.68199062e+00
    55194.9805510 7.21779766e+04 7.91918898e+00 7.87222500e+04 8.59743595e+00
    55195.0009842 7.02281172e+04 7.83326626e+00 7.66456328e+04 8.49798012e+00
    55195.0214175 6.89110312e+04 7.77823591e+00 7.52037969e+04 8.43170452e+00
    55195.0418508 6.86605469e+04 7.76800823e+00 7.48678906e+04 8.43260670e+00
    55195.0622840 6.94964766e+04 7.80402613e+00 7.56712422e+04 8.46451950e+00
    55195.0827173 7.09776016e+04 7.86677504e+00 7.71279219e+04 8.53452110e+00
    55195.1031507 7.26854453e+04 7.93912363e+00 7.89816875e+04 8.61731625e+00
    55195.1235838 7.42487109e+04 8.00256729e+00 8.06837422e+04 8.67480087e+00
    55195.1440171 7.54474297e+04 8.05464363e+00 8.19836406e+04 8.73929977e+00
    55195.1644505 7.66715078e+04 8.10199738e+00 8.33125156e+04 8.79266262e+00
    55195.1848837 7.75874531e+04 8.13906860e+00 8.41803750e+04 8.82745838e+00
    55195.2053170 7.79357891e+04 8.15267467e+00 8.44664609e+04 8.84246349e+00
    55195.2257503 7.75666875e+04 8.13857555e+00 8.40114141e+04 8.82903671e+00
    55195.2461835 7.65037578e+04 8.09565353e+00 8.28454453e+04 8.77837849e+00
    55195.2666168 7.48674609e+04 8.02675629e+00 8.10903047e+04 8.70616531e+00
    55195.2870502 7.28192734e+04 7.94447088e+00 7.89259141e+04 8.61891651e+00
    55195.3074835 7.00517422e+04 7.82597303e+00 7.60216719e+04 8.48829269e+00
    55195.3279167 6.55719922e+04 7.63762617e+00 7.12511641e+04 8.28996944e+00
    55195.3483499 6.00573945e+04 7.39038658e+00 6.52604414e+04 8.02314568e+00
    55195.3687833 5.53355977e+04 7.17560530e+00 6.01301523e+04 7.78454113e+00
    55195.3892165 5.39549258e+04 7.11024666e+00 5.86256445e+04 7.71950769e+00
    55195.4096498 5.66727148e+04 7.23948145e+00 6.15820547e+04 7.85951805e+00
    55195.4300832 6.21013086e+04 7.48287964e+00 6.74820859e+04 8.12111759e+00
    55195.4505164 6.77821797e+04 7.72985363e+00 7.36538672e+04 8.38659382e+00
    55195.4709496 7.20803438e+04 7.91438055e+00 7.83275703e+04 8.58469963e+00
    55195.4913830 7.47473594e+04 8.02232552e+00 8.12255547e+04 8.70733166e+00
    55195.5118162 7.68862109e+04 8.11053944e+00 8.35463672e+04 8.80240250e+00
    55195.5322495 7.85913516e+04 8.18190861e+00 8.54035469e+04 8.87730885e+00
    55195.5526829 7.95719531e+04 8.21911621e+00 8.64670703e+04 8.92091179e+00
    55195.5731161 7.97920234e+04 8.23060131e+00 8.67057969e+04 8.92139244e+00
    55195.5935494 7.93100234e+04 8.20936680e+00 8.61844297e+04 8.90312099e+00
    55195.6139826 7.82250781e+04 8.16547108e+00 8.50043516e+04 8.85174561e+00
    55195.6344159 7.69028125e+04 8.11119747e+00 8.35662578e+04 8.79841042e+00
    55195.6548492 7.55453047e+04 8.05872154e+00 8.20936172e+04 8.73790550e+00
    55195.6752825 7.36275234e+04 7.97855377e+00 8.00078438e+04 8.65377712e+00
    55195.6957158 7.15545234e+04 7.88978195e+00 7.77552734e+04 8.55543709e+00
    55195.7161491 6.97619609e+04 7.81438637e+00 7.58089609e+04 8.47896671e+00
    55195.7365823 6.87818438e+04 7.77300262e+00 7.47407891e+04 8.43744087e+00
    55195.7570156 6.88948828e+04 7.77833509e+00 7.48650000e+04 8.43821049e+00
    55195.7774489 7.00346875e+04 7.82752848e+00 7.61051719e+04 8.49120331e+00
    55195.7978821 7.16496328e+04 7.89535761e+00 7.78564922e+04 8.56527138e+00
    55195.8183155 7.33362500e+04 7.96715021e+00 7.96917266e+04 8.64809227e+00
    55195.8387488 7.47952031e+04 8.02606106e+00 8.12770312e+04 8.70838165e+00
    55195.8591821 7.59955703e+04 8.07623196e+00 8.23488984e+04 8.76785660e+00
    55195.8796153 7.71350547e+04 8.11996269e+00 8.34204375e+04 8.81449413e+00
    55195.9000487 7.78918828e+04 8.15277100e+00 8.41400938e+04 8.84857941e+00
    55195.9204820 7.80247891e+04 8.15781975e+00 8.42497891e+04 8.85121822e+00
    55195.9409151 7.74111250e+04 8.13282013e+00 8.36241016e+04 8.82403851e+00
    55195.9613485 7.61204922e+04 8.08071041e+00 8.23297422e+04 8.76697540e+00
    55195.9817818 7.42433594e+04 8.00290012e+00 8.04730781e+04 8.68395710e+00
    55196.0022150 7.20825391e+04 7.91467953e+00 7.83312109e+04 8.58543205e+00
    55196.0226484 6.87846797e+04 7.77344513e+00 7.47449062e+04 8.43855000e+00
    55196.0430817 6.38016445e+04 7.55739737e+00 6.93299531e+04 8.20057106e+00
    55196.0635149 5.83159922e+04 7.31364393e+00 6.33682266e+04 7.94001532e+00
    55196.0839482 5.44045195e+04 7.13362789e+00 5.91176602e+04 7.74555540e+00
    55196.1043816 5.43374062e+04 7.13077402e+00 5.90452266e+04 7.74367237e+00
    55196.1248148 5.81681953e+04 7.30711412e+00 6.32094258e+04 7.93261385e+00
    55196.1452481 6.39266172e+04 7.56290627e+00 6.94645625e+04 8.21128273e+00
    55196.1656814 6.92528047e+04 7.79415417e+00 7.52539922e+04 8.46292973e+00
    55196.1861147 7.29531562e+04 7.95020962e+00 7.92751406e+04 8.63125038e+00
    55196.2065479 7.53486797e+04 8.05113029e+00 8.18774531e+04 8.73788834e+00
    55196.2269813 7.73796719e+04 8.13145638e+00 8.40868281e+04 8.82962322e+00
    55196.2474146 7.88511953e+04 8.19202137e+00 8.56853047e+04 8.89064121e+00
    55196.2678478 7.96090781e+04 8.22264957e+00 8.65088750e+04 8.92411041e+00
    55196.2882812 7.95797266e+04 8.22142124e+00 8.64791875e+04 8.92422199e+00
    55196.3087145 7.88889688e+04 8.19326591e+00 8.57267812e+04 8.89481735e+00
    55196.3291477 7.77263203e+04 8.14660549e+00 8.44633047e+04 8.84087276e+00
    55196.3495810 7.64447109e+04 8.09361267e+00 8.30726328e+04 8.78272247e+00
    55196.3700144 7.49140938e+04 8.03171539e+00 8.14086953e+04 8.71648693e+00
    55196.3904476 7.29340078e+04 7.94949532e+00 7.92549375e+04 8.62460041e+00
    55196.4108809 7.09522812e+04 7.86564255e+00 7.71038594e+04 8.53548717e+00
    55196.4313143 6.93505859e+04 7.79657841e+00 7.53609922e+04 8.46579456e+00
    55196.4517475 6.87289844e+04 7.77122402e+00 7.46870000e+04 8.43091679e+00
    55196.4721808 6.92026797e+04 7.79036713e+00 7.52038984e+04 8.45310211e+00
    55196.4926141 7.05436094e+04 7.84798622e+00 7.66589844e+04 8.51534081e+00
    55196.5130473 7.22443906e+04 7.92147160e+00 7.85059453e+04 8.59210300e+00
    55196.5334806 7.39013906e+04 7.98974037e+00 8.03089141e+04 8.67439270e+00
    55196.5539140 7.52333047e+04 8.04421902e+00 8.17561016e+04 8.73008060e+00
    55196.5743472 7.64423906e+04 8.09382343e+00 8.30710000e+04 8.77982998e+00
    55196.5947805 7.74995312e+04 8.13817978e+00 8.42189062e+04 8.82987118e+00
    55196.6152137 7.80696328e+04 8.15960693e+00 8.48383203e+04 8.85512924e+00
    55196.6356471 7.79819922e+04 8.15657997e+00 8.47444297e+04 8.85390091e+00
    55196.6560804 7.71783359e+04 8.12351799e+00 8.38713438e+04 8.81493950e+00
    55196.6765136 7.55990859e+04 8.06102657e+00 8.21536797e+04 8.74578285e+00
    55196.6969470 7.35916016e+04 7.97745800e+00 7.99732891e+04 8.65841484e+00
    55196.7173803 7.11785547e+04 7.87593365e+00 7.73513203e+04 8.54317665e+00
    55196.7378136 6.72619297e+04 7.70966482e+00 7.30922188e+04 8.36925125e+00
    55196.7582469 6.19376875e+04 7.47657681e+00 6.73098828e+04 8.11560535e+00
    55196.7786802 5.66391914e+04 7.23861933e+00 6.15502930e+04 7.85875559e+00
    55196.7991135 5.38444414e+04 7.10615158e+00 5.85122031e+04 7.71377802e+00
    55196.8195468 5.51566016e+04 7.16850996e+00 5.99410625e+04 7.78357172e+00
    55196.8399801 5.98848945e+04 7.38474369e+00 6.50770352e+04 8.01573849e+00
    55196.8604134 6.56746875e+04 7.64385748e+00 7.13688594e+04 8.29837036e+00
    55196.8808466 7.06095781e+04 7.85070086e+00 7.67336094e+04 8.52097797e+00
    55196.9012800 7.37860312e+04 7.98507118e+00 8.01827422e+04 8.66735172e+00
    55196.9217133 7.60563906e+04 8.08088017e+00 8.26512188e+04 8.77218819e+00
    55196.9421465 7.79556797e+04 8.15560246e+00 8.47180000e+04 8.84304905e+00
    55196.9625799 7.92094297e+04 8.20774937e+00 8.60785859e+04 8.90609550e+00
    55196.9830132 7.97104141e+04 8.22664547e+00 8.66234609e+04 8.92590904e+00
    55197.0034465 7.94714766e+04 8.21765804e+00 8.63650859e+04 8.91957283e+00
    55197.0238798 7.85849531e+04 8.17973614e+00 8.53989844e+04 8.87502289e+00
    55197.0443131 7.73606953e+04 8.13073921e+00 8.40707266e+04 8.82584476e+00
    55197.0647464 7.60967578e+04 8.08027649e+00 8.26971719e+04 8.76816559e+00
    55197.0851797 7.43995703e+04 8.01090717e+00 8.08521484e+04 8.69499016e+00
    55197.1056130 7.23403281e+04 7.92519093e+00 7.86173594e+04 8.59340668e+00
    55197.1260463 7.04338438e+04 7.84384108e+00 7.65436094e+04 8.50820065e+00
    55197.1464795 6.90991406e+04 7.78627396e+00 7.50923984e+04 8.44797325e+00
    55197.1669129 6.88547109e+04 7.77640295e+00 7.48288750e+04 8.43512630e+00
    55197.1873462 6.96853750e+04 7.81400061e+00 7.57298203e+04 8.47999287e+00
    55197.2077794 7.11928359e+04 7.87637138e+00 7.73681328e+04 8.54304314e+00
    55197.2282129 7.28890078e+04 7.94737720e+00 7.92131484e+04 8.62194157e+00
    55197.2486462 7.44734844e+04 8.01500130e+00 8.09321797e+04 8.69590569e+00
    55197.2690794 7.57427344e+04 8.06678772e+00 8.23131875e+04 8.74639416e+00
    55197.2895128 7.69063125e+04 8.11312580e+00 8.35796016e+04 8.79730034e+00
    55197.3099461 7.77649141e+04 8.14832592e+00 8.45101406e+04 8.84184551e+00
    55197.3303793 7.80916250e+04 8.16112041e+00 8.48671875e+04 8.85347271e+00
    55197.3508126           -Inf           -Inf           -Inf           -Inf
    55197.3712460 7.65951172e+04 8.10119629e+00 8.32409375e+04 8.78691769e+00
    55197.3916792 7.48452188e+04 8.02940941e+00 8.13390156e+04 8.71380711e+00
    55197.4121125 7.27433047e+04 7.94099760e+00 7.90561250e+04 8.61902332e+00
    55197.4325459 6.99339844e+04 7.82396841e+00 7.60006328e+04 8.49139977e+00
    55197.4529791 6.54777891e+04 7.63155746e+00 7.11617812e+04 8.27453327e+00
    55197.4734124 6.00082852e+04 7.39018297e+00 6.52183789e+04 8.01250744e+00
    55197.4938458 5.52433242e+04 7.17238045e+00 6.00371562e+04 7.78530169e+00
    55197.5142790 5.37533945e+04 7.10204220e+00 5.84212227e+04 7.70076084e+00
    55197.5347123 5.63422305e+04 7.22326851e+00 6.12300781e+04 7.84009552e+00
    55197.5551457 6.16896992e+04 7.46330452e+00 6.70422266e+04 8.10113430e+00
    55197.5755790 6.74344453e+04 7.71679497e+00 7.32881562e+04 8.37389755e+00
    55197.5960123 7.18380234e+04 7.90248108e+00 7.80737031e+04 8.57236195e+00
    55197.6164456 7.45993672e+04 8.01997089e+00 8.10735625e+04 8.69684219e+00
    55197.6368789 7.67804297e+04 8.10833454e+00 8.34467812e+04 8.78579330e+00
    55197.6573122 7.85157578e+04 8.17719936e+00 8.53293516e+04 8.87347126e+00
    55197.6777455 7.95501719e+04 8.22063446e+00 8.64538438e+04 8.92123604e+00
    55197.6981788 7.98065703e+04 8.23050594e+00 8.73269453e+04 8.93021488e+00
    55197.7186121 7.93356094e+04 8.21255589e+00 8.83699688e+04 8.90412235e+00
    55197.7390454 7.83328438e+04 8.17005920e+00 8.82575234e+04 8.85915184e+00
    55197.7594788 7.70568828e+04 8.11923981e+00 8.72885781e+04 8.80767441e+00
    55197.7799120 7.56839297e+04 8.06469440e+00 8.56726328e+04 8.75013733e+00
    55197.8003454 7.37844531e+04 7.98605585e+00 8.29671641e+04 8.66053772e+00
    55197.8207788 7.16789531e+04 7.89617872e+00 7.95319922e+04 8.56517601e+00
    55197.8412120 6.98939766e+04 7.82033777e+00 7.59607109e+04 8.48501396e+00
    55197.8616453 6.88683281e+04 7.77527237e+00 7.48487266e+04 8.42766571e+00
    55197.8820786 6.89842578e+04 7.78371334e+00 7.49739688e+04 8.44123459e+00
    55197.9025119 7.01308828e+04 7.83356619e+00 7.62182344e+04 8.49998569e+00
    55197.9229452 7.17435078e+04 7.89845705e+00 7.83378984e+04 8.56554317e+00
    55197.9433785 7.34494609e+04 7.97029448e+00 8.04533672e+04 8.64460373e+00
    55197.9638119 7.49043750e+04 8.03204155e+00 8.21929688e+04 8.70577240e+00
    55197.9842452 7.60900547e+04 8.08046532e+00 8.35336328e+04 8.75957108e+00
    55198.0046785 7.72164453e+04 8.12548637e+00 8.46976094e+04 8.81242275e+00
    55198.0251119 7.79466719e+04 8.15550327e+00 8.53320234e+04 8.84893703e+00
    55198.0455451 7.80528438e+04 8.15976238e+00 8.51875234e+04 8.85293961e+00
    55198.0659784 7.74482812e+04 8.13462448e+00 8.41706016e+04 8.82814693e+00
    55198.0864118 7.61085859e+04 8.08276176e+00 8.27152734e+04 8.77101898e+00
    55198.1068450 7.42189531e+04 8.00551128e+00 8.06650703e+04 8.67811584e+00
    55198.1272784 7.20158203e+04 7.90970850e+00 7.82677344e+04 8.58376503e+00
    55198.1477116 6.87060469e+04 7.76850986e+00 7.46710781e+04 8.42676449e+00
    55198.1681450 6.37878086e+04 7.55778217e+00 6.83467891e+04 8.20266056e+00
    55198.1885783 5.82461211e+04 7.30883455e+00 6.38616016e+04 7.93623018e+00
    55198.2090116 5.43124648e+04 7.13025522e+00 6.13516055e+04 7.73936033e+00
    55198.2294449 5.42372539e+04 7.12655020e+00 6.19623125e+04 7.73559189e+00
    55198.2498783 5.79594766e+04 7.29652500e+00 6.53576836e+04 7.92268419e+00
    55198.2703115 6.36608203e+04 7.55294037e+00 7.36671875e+04 8.19801521e+00
    55198.2907449 6.91164062e+04 7.78936577e+00 8.02081406e+04 8.44757652e+00
    55198.3111782 7.28802969e+04 7.94720650e+00 8.41995625e+04 8.62560654e+00
    55198.3316114 7.53437109e+04 8.04914856e+00 8.33847344e+04 8.73456192e+00
    55198.3520448 7.73946797e+04 8.13258076e+00 8.18698750e+04 8.81533241e+00
    55198.3724782 7.89270469e+04 8.19566345e+00 8.21715938e+04 8.89500904e+00
    55198.3929114 7.97186797e+04 8.22755337e+00 8.17960234e+04 8.92430305e+00
    55198.4133447 7.97260859e+04 8.22770977e+00 8.35807344e+04 8.93231773e+00
    55198.4337781 7.90922656e+04 8.20118427e+00 8.35495234e+04 8.90307522e+00
    55198.4542113 7.79113359e+04 8.15226841e+00 8.01488984e+04 8.84807396e+00
    55198.4746446 7.66260234e+04 8.10310173e+00 7.88728125e+04 8.79341888e+00
    55198.4950781 7.51389531e+04 8.04130459e+00 7.88529844e+04 8.72617531e+00
    55198.5155113 7.30989922e+04 7.95547009e+00 7.62042344e+04 8.63350010e+00
    55198.5359446 7.10725938e+04 7.87224865e+00 7.55845859e+04 8.54437637e+00
    55198.5563780 6.94132578e+04 7.80147839e+00 7.40106250e+04 8.46855354e+00
    55198.5768113 6.87274922e+04 7.77123165e+00 7.56979688e+04 8.43724442e+00
    55198.5972446 6.92481797e+04 7.79469585e+00 7.62218438e+04 8.46312332e+00
    55198.6176779 7.05757891e+04 7.85153437e+00 7.67015234e+04 8.52596664e+00
    55198.6381113 7.22403828e+04 7.91858482e+00 7.85116562e+04 8.59630203e+00
    55198.6585445 7.38993828e+04 7.98999977e+00 8.03112969e+04 8.67403126e+00
    55198.6789778 7.52147109e+04 8.04426861e+00 8.17435078e+04 8.73299122e+00
    55198.6994113 7.63844297e+04 8.09382248e+00 8.30140703e+04 8.78540421e+00
    55198.7198445 7.74263672e+04 8.13403893e+00 8.41459531e+04 8.82693577e+00
    55198.7402778 7.79536797e+04 8.15575409e+00 8.47210781e+04 8.85419559e+00
    55198.7607112 7.78601172e+04 8.15227985e+00 8.46185625e+04 8.84827709e+00
    55198.7811444 7.70023203e+04 8.11731911e+00 8.36853359e+04 8.81225491e+00
    55198.8015778 7.55842109e+04 8.06025696e+00 8.21462812e+04 8.75082397e+00
    55198.8220112 7.35722266e+04 7.97594070e+00 7.99579141e+04 8.65707111e+00
    55198.8424444 7.12089688e+04 7.87758589e+00 7.73888750e+04 8.55086231e+00
    55198.8628777 6.73970312e+04 7.71566057e+00 7.32499297e+04 8.37964344e+00
    55198.8833111 6.20154766e+04 7.47770882e+00 6.73983906e+04 8.12052917e+00
    55198.9037445 5.66939727e+04 7.23930740e+00 6.14048984e+04 7.85864449e+00
    55198.9241777 5.37928828e+04 7.10365057e+00 5.81058477e+04 7.71670103e+00
    55198.9446110 5.49434844e+04 7.16004848e+00 5.92706797e+04 7.77260399e+00
    55198.9650445 5.95900508e+04 7.37251139e+00 6.43024883e+04 8.00329208e+00
    55198.9854777 6.54109141e+04 7.63034821e+00 7.06744922e+04 8.28488350e+00
    55199.0059110 7.04024609e+04 7.84482145e+00 7.62068203e+04 8.51532364e+00
    55199.0263443 7.36205938e+04 7.97820568e+00 7.98877734e+04 8.66085434e+00
    55199.0467776 7.59544297e+04 8.07738781e+00 8.25505625e+04 8.76569271e+00
    55199.0672110 7.78668438e+04 8.15267467e+00 8.46235156e+04 8.84881687e+00
    55199.0876443 7.91469766e+04 8.20427608e+00 8.60182969e+04 8.90775394e+00
    55199.1080776 7.97029375e+04 8.22724533e+00 8.66226562e+04 8.93033695e+00
    55199.1285110 7.94810781e+04 8.21900463e+00 8.63792266e+04 8.91897488e+00
    55199.1489442 7.86444922e+04 8.18475723e+00 8.54732969e+04 8.88021564e+00
    55199.1693776 7.74660859e+04 8.13566780e+00 8.41910078e+04 8.83339596e+00
    55199.1898109 7.61281250e+04 8.08428001e+00 8.27355547e+04 8.77408123e+00
    55199.2102442 7.44198750e+04 8.01374722e+00 8.08822656e+04 8.69891548e+00
    55199.2306776 7.23308594e+04 7.92281580e+00 7.86106094e+04 8.60243034e+00
    55199.2511109 7.03713516e+04 7.84178066e+00 7.64813984e+04 8.51451588e+00
    55199.2715441 6.89701953e+04 7.78168201e+00 7.49606172e+04 8.44327164e+00
    55199.2919776 6.87083828e+04 7.77090454e+00 7.46731406e+04 8.43951893e+00
    55199.3124109 6.95130391e+04 7.80740643e+00 7.55494922e+04 8.47574329e+00
    55199.3328441 7.10448672e+04 7.87158585e+00 7.72150938e+04 8.53968334e+00
    55199.3532776 7.27546016e+04 7.94342184e+00 7.90705469e+04 8.61988640e+00
    55199.3737109 7.43295078e+04 8.01033401e+00 8.07841406e+04 8.69244194e+00
    55199.3941441 7.55723281e+04 8.06002235e+00 8.21356094e+04 8.74870300e+00
    55199.4145774 7.67765781e+04 8.10914516e+00 8.34424922e+04 8.79721832e+00
    55199.4350109 7.77046797e+04 8.14667511e+00 8.44524141e+04 8.83938980e+00
    55199.4554442 7.81117344e+04 8.16224098e+00 8.48965703e+04 8.86124229e+00
    55199.4758774 7.78004141e+04 8.15063190e+00 8.45554141e+04 8.84452724e+00
    55199.4963109 7.67289141e+04 8.10774708e+00 8.33923672e+04 8.80103207e+00
    55199.5167442 7.50157812e+04 8.03836250e+00 8.15300000e+04 8.72443771e+00
    55199.5371774 7.29003984e+04 7.94904661e+00 7.92299453e+04 8.62895107e+00
    55199.5576108 7.01106719e+04 7.83117390e+00 7.62018828e+04 8.50430489e+00
    55199.5780442 6.56666484e+04 7.64087582e+00 7.13707578e+04 8.29257298e+00
    55199.5984774 6.01218164e+04 7.39779854e+00 6.53418086e+04 8.02530193e+00
    55199.6189107 5.52229961e+04 7.17523623e+00 6.00232656e+04 7.79039621e+00
    55199.6393442 5.35400039e+04 7.09272146e+00 5.80705117e+04 7.70276117e+00
    55199.6597774 5.60013906e+04 7.20924473e+00 6.04733086e+04 7.82744789e+00
    55199.6802107 6.12979766e+04 7.44769144e+00 6.60644141e+04 8.08787918e+00
    55199.7006442 6.70511562e+04 7.70174456e+00 7.22455469e+04 8.36013699e+00
    55199.7210774 7.15277188e+04 7.89073277e+00 7.71376328e+04 8.56256676e+00
    55199.7415107 7.43319375e+04 8.00831890e+00 8.03049141e+04 8.69141006e+00
    55199.7619442 7.65207188e+04 8.09913731e+00 8.28837188e+04 8.78947639e+00
    55199.7823775 7.82813281e+04 8.16882515e+00 8.50789922e+04 8.85949230e+00
    55199.8028107 7.93172500e+04 8.21034241e+00 8.62073828e+04 8.91078568e+00
    55199.8232442 7.95927656e+04 8.22323513e+00 8.65040781e+04 8.91933441e+00
    55199.8436775 7.91491953e+04 8.20366573e+00 8.60242969e+04 8.89856815e+00
    55199.8641107 7.81517656e+04 8.16371250e+00 8.49412500e+04 8.85974503e+00
    55199.8845441 7.68537578e+04 8.11166191e+00 8.35281797e+04 8.79552555e+00
    55199.9049774 7.54651484e+04 8.05609226e+00 8.20214844e+04 8.74075985e+00
    55199.9254107 7.35960312e+04 7.97866440e+00 7.99890859e+04 8.65424919e+00
    55199.9458441 7.15438828e+04 7.89141750e+00 7.77571250e+04 8.55970192e+00
    55199.9662774 6.97041094e+04 7.81474209e+00 7.57616641e+04 8.48227978e+00
    55199.9867107 6.86533125e+04 7.77018690e+00 7.46179062e+04 8.43348789e+00
    55200.0071441 6.87523359e+04 7.77430058e+00 7.47248438e+04 8.43925381e+00
    55200.0275774 6.99113359e+04 7.82323980e+00 7.59870312e+04 8.49132729e+00
    55200.0480108 7.15508281e+04 7.89162111e+00 7.77661797e+04 8.56681061e+00
    55200.0684441 7.32760469e+04 7.96385527e+00 7.96406328e+04 8.64035702e+00
    55200.0888774 7.47465312e+04 8.02805996e+00 8.12418438e+04 8.70972633e+00
    55200.1093108 7.59738828e+04 8.07551193e+00 8.25744844e+04 8.76630592e+00
    55200.1297441 7.71452109e+04 8.12309265e+00 8.38476875e+04 8.81796837e+00
    55200.1501773 7.79637031e+04 8.15649700e+00 8.49802422e+04 8.84504223e+00
    55200.1706108 7.81303516e+04 8.16319180e+00 8.53792266e+04 8.85454750e+00
    55200.1910441 7.75935859e+04 8.14225101e+00 8.49412734e+04 8.82962990e+00
    55200.2114774 7.63107812e+04 8.09150505e+00 8.36094531e+04 8.78005886e+00
    55200.2319108 7.44049453e+04 8.01163864e+00 8.15108203e+04 8.69439125e+00
    55200.2523441 7.22050469e+04 7.91767168e+00 7.90047422e+04 8.59577179e+00
    55200.2727774 6.88879844e+04 7.77958250e+00 7.51870938e+04 8.43582630e+00
    55200.2932108 6.39058906e+04 7.56750631e+00 6.94593672e+04 8.20891094e+00
    55200.3136442 5.82971562e+04 7.31268644e+00 6.33673477e+04 7.93590307e+00
    55200.3340775           -Inf           -Inf           -Inf           -Inf
    55200.3545108 5.38638438e+04 7.10702896e+00 5.85470000e+04 7.71641207e+00
    55200.3749442 5.74841523e+04 7.27651644e+00 6.24846953e+04 7.90156507e+00
    55200.3953775 6.31273984e+04 7.53005791e+00 6.86166875e+04 8.17316818e+00
    55200.4158108 6.86343203e+04 7.76940155e+00 7.45995078e+04 8.43242168e+00
    55200.4362442 7.25092969e+04 7.93147135e+00 7.88139922e+04 8.60998154e+00
    55200.4566775 7.49988828e+04 8.03786564e+00 8.15166328e+04 8.72254848e+00
    55200.4771108 7.71168125e+04 8.12429237e+00 8.38178906e+04 8.81285477e+00
    55200.4975442 7.86378047e+04 8.18256760e+00 8.54729375e+04 8.88100338e+00
    55200.5179776 7.94120781e+04 8.21495628e+00 8.63125078e+04 8.91162968e+00
    55200.5384108 7.94394922e+04 8.21497059e+00 8.63435469e+04 8.91722965e+00
    55200.5588442 7.87592969e+04 8.18736458e+00 8.56064844e+04 8.88417149e+00
    55200.5792776 7.75925000e+04 8.14214802e+00 8.43355938e+04 8.83648205e+00
    55200.5997108 7.62929766e+04 8.08815098e+00 8.29253906e+04 8.77610683e+00
    55200.6201443 7.47962344e+04 8.02797413e+00 8.12988438e+04 8.71553898e+00
    55200.6405776 7.28558281e+04 7.94518709e+00 7.91875156e+04 8.60918236e+00
    55200.6610110 7.08322812e+04 7.86007690e+00 7.69921484e+04 8.53340530e+00
    55200.6814442 6.92424062e+04 7.79392385e+00 7.52634922e+04 8.45960045e+00
    55200.7018776 6.86237188e+04 7.76901197e+00 7.45897500e+04 8.42434120e+00
    55200.7223109 6.91132891e+04 7.78860712e+00 7.51233281e+04 8.45121956e+00
    55200.7427442 7.05723047e+04 7.84991789e+00 7.67091172e+04 8.51046181e+00
    55200.7631777 7.22874219e+04 7.92285538e+00 7.85720938e+04 8.59767437e+00
    55200.7836110 7.39833438e+04 7.99265528e+00 8.04166797e+04 8.66782284e+00
    55200.8040443 7.53114062e+04 8.04988289e+00 8.18580859e+04 8.73905945e+00
    55200.8244777 7.65459062e+04 8.10009861e+00 8.32006484e+04 8.78804398e+00
    55200.8449110 7.76498125e+04 8.14456463e+00 8.44012578e+04 8.83531475e+00
    55200.8653443 7.82397578e+04 8.16720676e+00 8.50415938e+04 8.85976791e+00
    55200.8857777 7.81752969e+04 8.16490746e+00 8.49702891e+04 8.86361885e+00
    55200.9062110 7.73768203e+04 8.13429070e+00 8.41054844e+04 8.82362270e+00
    55200.9266444 7.58163750e+04 8.06982613e+00 8.24065234e+04 8.74579239e+00
    55200.9470777 7.37420000e+04 7.98417664e+00 8.01534766e+04 8.66036606e+00
    55200.9675110 7.13027578e+04 7.88201571e+00 7.75029062e+04 8.55425835e+00
    55200.9879444 6.74238750e+04 7.71913052e+00 7.32860000e+04 8.36765862e+00
    55201.0083777 6.20704727e+04 7.48022461e+00 6.74695469e+04 8.11563015e+00
    55201.0288112 5.66382773e+04 7.23725605e+00 6.15682031e+04 7.85734367e+00
    55201.0492444 5.35714336e+04 7.09437609e+00 5.82315742e+04 7.69956541e+00
    55201.0696778 5.45955703e+04 7.14483881e+00 5.93467188e+04 7.75744724e+00
    55201.0901112 5.91660781e+04 7.35162115e+00 6.43144336e+04 7.97317410e+00
    55201.1105445 6.49993359e+04 7.61381006e+00 7.06512031e+04 8.26342106e+00
    55201.1309778 7.01022578e+04 7.83103752e+00 7.61991250e+04 8.49368000e+00
    55201.1514112 7.34329062e+04 7.97151995e+00 7.98188828e+04 8.64319611e+00
    55201.1718445 7.57610703e+04 8.06741619e+00 8.23466953e+04 8.74955750e+00
    55201.1922779 7.76479531e+04 8.14473152e+00 8.44001250e+04 8.82428646e+00
    55201.2127112 7.89509922e+04 8.19532394e+00 8.58154062e+04 8.88327694e+00
    55201.2331446 7.94677656e+04 8.21854877e+00 8.63754219e+04 8.91197681e+00
    55201.2535779 7.92221797e+04 8.20563221e+00 8.61112812e+04 8.90388203e+00
    55201.2740113 7.83291875e+04 8.17086887e+00 8.51390859e+04 8.85806942e+00
    55201.2944447 7.70737734e+04 8.12249756e+00 8.37748047e+04 8.81302071e+00
    55201.3148780 7.57355547e+04 8.06668854e+00 8.23222031e+04 8.74796772e+00
    55201.3353113 7.40680938e+04 7.99806643e+00 8.05078672e+04 8.67396641e+00
    55201.3557448 7.19939766e+04 7.91139174e+00 7.82549141e+04 8.58179283e+00
    55201.3761780 7.00539609e+04 7.82902575e+00 7.61473203e+04 8.49634647e+00
    55201.3966114 6.87342734e+04 7.77370167e+00 7.47127031e+04 8.42884254e+00
    55201.4170446 6.85490391e+04 7.76620340e+00 7.45128594e+04 8.42562580e+00
    55201.4374781 6.94420703e+04 7.80235815e+00 7.54815625e+04 8.45926952e+00
    55201.4579114 7.10489141e+04 7.86893559e+00 7.72261641e+04 8.53637314e+00
    55201.4783447 7.28426875e+04 7.94590521e+00 7.91786797e+04 8.61644840e+00
    55201.4987782 7.44747109e+04 8.01467800e+00 8.09523359e+04 8.69391155e+00
    55201.5192115 7.57625859e+04 8.06799603e+00 8.23497188e+04 8.74063110e+00
    55201.5396449 7.69738984e+04 8.11864758e+00 8.36685234e+04 8.80935764e+00
    55201.5600782 7.79279062e+04 8.15550327e+00 8.47031641e+04 8.84068394e+00
    55201.5805116 7.83421641e+04 8.17123222e+00 8.51528281e+04 8.86558914e+00
    55201.6009448 7.80481797e+04 8.16010571e+00 8.48365000e+04 8.84596634e+00
    55201.6213783 7.69866562e+04 8.11942673e+00 8.36828594e+04 8.81024742e+00
    55201.6418116 7.52314453e+04 8.04567623e+00 8.17717656e+04 8.71817780e+00
    55201.6622450 7.30573359e+04 7.95450115e+00 7.94126484e+04 8.62958241e+00
    55201.6826782 7.02515000e+04 7.83723593e+00 7.63618359e+04 8.50196266e+00
    55201.7031117 6.58329922e+04 7.64810085e+00 7.15584453e+04 8.29605579e+00
    55201.7235450 6.02401953e+04 7.40087938e+00 6.54837539e+04 8.02882576e+00
    55201.7439783 5.53164922e+04 7.17748690e+00 6.01315781e+04 7.78790331e+00
    55201.7644118 5.35385625e+04 7.09325314e+00 5.82498594e+04 7.69333172e+00
    55201.7848450 5.59134141e+04 7.20565176e+00 6.09844453e+04 7.81857538e+00
    55201.8052784 6.12123398e+04 7.44444275e+00 6.68337891e+04 8.07114410e+00
    55201.8257118 6.69645469e+04 7.69850254e+00 7.31239922e+04 8.34905624e+00
    55201.8461451 7.15338594e+04 7.89319754e+00 7.80763594e+04 8.56431675e+00
    55201.8665785 7.43912734e+04 8.01068783e+00 8.11160469e+04 8.68661308e+00
    55201.8870118 7.65725547e+04 8.10146141e+00 8.33812891e+04 8.79151821e+00
    55201.9074453 7.83165000e+04 8.17123890e+00 8.51277422e+04 8.86491108e+00
    55201.9278785 7.93610312e+04 8.21254826e+00 8.62612031e+04 8.90057373e+00
    55201.9483119 7.96002422e+04 8.22156620e+00 8.65226719e+04 8.92508984e+00
    55201.9687453 7.91189609e+04 8.20343304e+00 8.59993828e+04 8.89791584e+00
    55201.9891786 7.80929609e+04 8.16192341e+00 8.48839609e+04 8.85465717e+00
    55202.0096120 7.67667891e+04 8.10865784e+00 8.34450391e+04 8.80112362e+00
    55202.0300454 7.53901328e+04 8.05055428e+00 8.19484766e+04 8.73843956e+00
    55202.0504787 7.35203906e+04 7.97654057e+00 7.99139453e+04 8.64555836e+00
    55202.0709120 7.13692969e+04 7.88462687e+00 7.75789219e+04 8.55599785e+00
    55202.0913455 6.95740000e+04 7.80758762e+00 7.56272344e+04 8.47265434e+00
    55202.1117788 6.85577344e+04 7.76694870e+00 7.45208438e+04 8.41848660e+00
    55202.1322121 6.86827891e+04 7.77190685e+00 7.46612812e+04 8.43695736e+00
    55202.1526455 6.98943984e+04 7.82063293e+00 7.59746875e+04 8.48847198e+00
    55202.1730790 7.15597500e+04 7.89419508e+00 7.77837891e+04 8.56213188e+00
    55202.1935122 7.33252109e+04 7.96649361e+00 7.97053672e+04 8.64437866e+00
    55202.2139456 7.48585234e+04 8.02899075e+00 8.13692500e+04 8.70693588e+00
    55202.2343790 7.60865000e+04 8.08242416e+00 8.27029609e+04 8.75695419e+00
    55202.2548123 7.73004531e+04 8.13157940e+00 8.40250938e+04 8.82142353e+00
    55202.2752457 7.81307266e+04 8.16419506e+00 8.49245078e+04 8.84423256e+00
    55202.2956791 7.83500156e+04 8.17273617e+00 8.51647422e+04 8.86337280e+00
    55202.3161124 7.78118438e+04 8.15114212e+00 8.45827188e+04 8.84399986e+00
    55202.3365457 7.65444375e+04 8.09987736e+00 8.32014609e+04 8.78702164e+00
    55202.3569792 7.46414766e+04 8.02063179e+00 8.11350859e+04 8.69725132e+00
    55202.3774125 7.23769688e+04 7.92677641e+00 7.86744141e+04 8.60298157e+00
    55202.3978458 6.90841797e+04 7.78816652e+00 7.50940234e+04 8.44138718e+00
    55202.4182792 6.41581094e+04 7.57922506e+00 6.97414609e+04 8.21706295e+00
    55202.4387126 5.85094375e+04 7.32392216e+00 6.36041055e+04 7.94444704e+00
    55202.4591459 5.43464102e+04 7.13138437e+00 5.90791875e+04 7.73805904e+00
    55202.4795793 5.38713789e+04 7.10955715e+00 5.85646055e+04 7.71484518e+00
    55202.5000127 5.74239414e+04 7.27327776e+00 6.24257617e+04 7.89718771e+00
    55202.5204460 6.31086992e+04 7.52970791e+00 6.86018047e+04 8.16874409e+00
    55202.5408794 6.86412500e+04 7.77015495e+00 7.46171094e+04 8.43125248e+00
    55202.5613128 7.26382656e+04 7.93942213e+00 7.89596797e+04 8.61554909e+00
    55202.5817461 7.51642656e+04 8.04181194e+00 8.17022188e+04 8.71949196e+00
    55202.6021794 7.72750938e+04 8.13046169e+00 8.39999844e+04 8.81989574e+00
    55202.6226129 7.88382188e+04 8.19277668e+00 8.56980547e+04 8.88845253e+00
    55202.6430462 7.96681328e+04 8.22447205e+00 8.65982109e+04 8.92231083e+00
    55202.6634795 7.96726016e+04 8.22475529e+00 8.66068672e+04 8.92916870e+00
    55202.6839129 7.90058359e+04 8.19950962e+00 8.58782969e+04 8.88705635e+00
    55202.7043463 7.78172969e+04 8.15163994e+00 8.45895234e+04 8.84280491e+00
    55202.7247797 7.64870547e+04 8.09807587e+00 8.31446953e+04 8.78835869e+00
    55202.7452130 7.49912109e+04 8.03441811e+00 8.15170000e+04 8.71541786e+00
    55202.7656464 7.29382031e+04 7.95142889e+00 7.92866719e+04 8.62717056e+00
    55202.7860798 7.08222266e+04 7.86036444e+00 7.69883672e+04 8.52785397e+00
    55202.8065131 6.91869062e+04 7.79233122e+00 7.52078828e+04 8.45553207e+00
    55202.8269465 6.84736406e+04 7.76340437e+00 7.44369609e+04 8.42389202e+00
    55202.8473799 6.89909219e+04 7.78416348e+00 7.49978516e+04 8.43835545e+00
    55202.8678132 7.04387422e+04 7.84532690e+00 7.65686562e+04 8.51090622e+00
    55202.8882465 7.22213672e+04 7.92134762e+00 7.85095391e+04 8.59554958e+00
    55202.9086800 7.39419375e+04 7.99361372e+00 8.03789844e+04 8.67354870e+00
    55202.9291133 7.53624062e+04 8.04873180e+00 8.19203828e+04 8.73007107e+00
    55202.9495467 7.66332969e+04 8.10371399e+00 8.33048750e+04 8.79818821e+00
    55202.9699801 7.77558359e+04 8.15001965e+00 8.45239531e+04 8.84109116e+00
    55202.9904134 7.83817500e+04 8.17571449e+00 8.52032734e+04 8.86925411e+00
    55203.0108468 7.83304688e+04 8.17357445e+00 8.51495000e+04 8.86853695e+00
    55203.0312802 7.75423594e+04 8.14098835e+00 8.42936484e+04 8.83767033e+00
    55203.0517136 7.60101484e+04 8.07952118e+00 8.26267266e+04 8.77105713e+00
    55203.0721469 7.39277734e+04 7.99304867e+00 8.03650312e+04 8.67292023e+00
    55203.0925804 7.14665938e+04 7.88879299e+00 7.76893984e+04 8.55710697e+00
    55203.1130137 6.76347891e+04 7.72884893e+00 7.35241328e+04 8.38762951e+00
    55203.1334470 6.22989844e+04 7.49397469e+00           -Inf           -Inf
    55203.1538804 5.68350977e+04 7.24789619e+00 6.17883164e+04 7.86826372e+00
    55203.1743138 5.36586719e+04 7.10028172e+00 5.83384414e+04 7.70965481e+00
    55203.1947471 5.46327773e+04 7.14471817e+00 5.93971719e+04 7.75695705e+00
    55203.2151805 5.91426914e+04 7.35267973e+00 6.42964727e+04 7.97983170e+00
    55203.2356140 6.50383945e+04 7.61598206e+00 7.07039531e+04 8.26252365e+00
    55203.2560472 7.02288438e+04 7.83418465e+00 7.63494297e+04 8.50280762e+00
    55203.2764806 7.36757109e+04 7.98076868e+00 8.00894062e+04 8.65446472e+00
    55203.2969141 7.59580234e+04 8.07468033e+00 8.25727188e+04 8.76190186e+00
    55203.3173474           -Inf           -Inf           -Inf           -Inf
    55203.3377807 7.92287891e+04 8.20781708e+00 8.61286797e+04 8.90881920e+00
    55203.3582141 7.97700859e+04 8.22849369e+00 8.67172500e+04 8.93107414e+00
    55203.3786475 7.95049844e+04 8.21850300e+00 8.64282969e+04 8.91923523e+00
    55203.3990809 7.86608203e+04 8.18628693e+00 8.55095703e+04 8.88698673e+00
    55203.4195142 7.73578125e+04 8.13491154e+00 8.40947422e+04 8.83011341e+00
    55203.4399476 7.59817891e+04 8.07750130e+00 8.26003750e+04 8.76581001e+00
    55203.4603810 7.43129453e+04 8.00796986e+00 8.07859453e+04 8.69108200e+00
    55203.4808143 7.22038750e+04 7.92236757e+00 7.84968359e+04 8.59752560e+00
    55203.5012478 7.01838125e+04 7.83270025e+00 7.63000078e+04 8.50189400e+00
    55203.5216811 6.88049688e+04 7.77713060e+00 7.48022344e+04 8.44104195e+00
    55203.5421144 6.85388438e+04 7.76655531e+00 7.45133359e+04 8.42946529e+00
    55203.5625479 6.93783828e+04 7.80042410e+00 7.54237266e+04 8.46533680e+00
    55203.5829813 7.09705547e+04 7.86814547e+00 7.71547031e+04 8.53611755e+00
    55203.6034146 7.27697266e+04 7.94512606e+00 7.91133203e+04 8.61921787e+00
    55203.6238480 7.44598984e+04 8.01403236e+00 8.07953125e+04 8.69836140e+00
    55203.6442814 7.57879453e+04 8.06785202e+00 8.21706406e+04 8.75579929e+00
    55203.6647148 7.70001328e+04 8.11810970e+00 8.32120391e+04 8.80762482e+00
    55203.6851481 7.79550391e+04 8.15929508e+00 8.42582031e+04 8.85548210e+00
    55203.7055815 7.84184531e+04 8.17722511e+00 8.52510938e+04 8.87307358e+00
    55203.7260149 7.81252969e+04 8.16566658e+00 8.42080703e+04 8.85944748e+00
    55203.7464482 7.70814453e+04 8.12205219e+00 8.53792266e+04 8.80820847e+00
    55203.7668817 7.53566641e+04 8.05082417e+00 7.79950938e+04 8.73222542e+00
    55203.7873151 7.31842109e+04 7.96144581e+00 8.01026719e+04 8.63602161e+00
    55203.8077483 7.03976562e+04 7.84286976e+00 7.74406797e+04 8.51175785e+00
    55203.8281818 6.59766094e+04 7.65632868e+00 7.18135547e+04 8.30474377e+00
    55203.8486152 6.03765703e+04 7.40621758e+00 6.58214844e+04 8.03715801e+00
    55203.8690485 5.53888750e+04 7.18153095e+00 6.06660508e+04 7.79646349e+00
    55203.8894820 5.34666797e+04 7.09194088e+00 5.84298164e+04 7.69734764e+00
    55203.9099153 5.57604141e+04 7.19923115e+00 6.08086016e+04 7.81365395e+00
    55203.9303487 6.10145820e+04 7.43706799e+00 6.63355859e+04 8.07289505e+00
    55203.9507820 6.68588281e+04 7.69410563e+00 7.26907344e+04 8.34569550e+00
    55203.9712155 7.14778750e+04 7.89087200e+00 7.77074141e+04 8.56228924e+00
    55203.9916489 7.43841094e+04 8.01080799e+00 8.08662891e+04 8.69003677e+00
    55204.0120822 7.65927969e+04 8.10239983e+00 8.32695391e+04 8.78912354e+00
    55204.0325156 7.83853516e+04 8.17605686e+00 8.52150938e+04 8.87112904e+00
    55204.0529490 7.94677344e+04 8.21731281e+00 8.63905156e+04 8.91530609e+00
    55204.0733823 7.97343594e+04 8.22891712e+00 8.66831172e+04 8.92366791e+00
    55204.0938158 7.92665859e+04 8.20952988e+00 8.61734688e+04 8.90438938e+00
    55204.1142492 7.82171875e+04 8.16949177e+00 8.50326250e+04 8.86401272e+00
    55204.1346825 7.68695938e+04 8.11340427e+00 8.35698672e+04 8.80150318e+00
    55204.1551158 7.54701406e+04 8.05550289e+00 8.20455938e+04 8.74021339e+00
    55204.1755493 7.36119844e+04 7.97858572e+00 8.00289688e+04 8.65468025e+00
    55204.1959826 7.14340781e+04 7.88936615e+00 7.76615781e+04 8.55820274e+00
    55204.2164160 6.95835391e+04 7.80847836e+00 7.56501406e+04 8.47293758e+00
    55204.2368494 6.85228672e+04 7.76595259e+00 7.44992578e+04 8.42324829e+00
    55204.2572828 6.86834844e+04 7.77223492e+00 7.46727969e+04 8.43302059e+00
    55204.2777162           -Inf           -Inf           -Inf           -Inf
    55204.2981496 7.15652031e+04 7.89500570e+00 7.78062031e+04 8.56252289e+00
    55204.3185829 7.33672812e+04 7.96887398e+00 7.97640391e+04 8.64498711e+00
    55204.3390163 7.49202109e+04 8.03361988e+00 8.14499844e+04 8.71331024e+00
    55204.3594498 7.61861250e+04 8.08333302e+00 8.28287500e+04 8.76429749e+00
    55204.3798831 7.73795000e+04 8.13522243e+00 8.41227422e+04 8.82289886e+00
    55204.4003165 7.82045312e+04 8.16920471e+00 8.50180469e+04 8.86095715e+00
    55204.4207498 7.84559844e+04 8.17907047e+00 8.52947031e+04 8.86951256e+00
    55204.4411833 7.79799297e+04 8.16083241e+00 8.47756172e+04 8.84966660e+00
    55204.4616166 7.67045156e+04 8.10915184e+00 8.33893750e+04 8.79671192e+00
    55204.4820500 7.47532109e+04 8.02705002e+00 8.12705000e+04 8.69975948e+00
    55204.5024834 7.24351172e+04 7.93216562e+00 7.87502344e+04 8.60423088e+00
    55204.5229168 6.91418516e+04 7.79106522e+00 7.51712969e+04 8.45274544e+00
    55204.5433502 6.42146250e+04 7.57690048e+00 6.98185547e+04 8.21606159e+00
    55204.5637836 5.85495820e+04 7.32641077e+00 6.36590664e+04 7.94956875e+00
    55204.5842170 5.42718398e+04 7.12897062e+00 5.90114375e+04 7.73382425e+00
    55204.6046504 5.37065352e+04 7.10260582e+00 5.83981172e+04 7.70505333e+00
    55204.6250839 5.71437969e+04 7.26354170e+00 6.21322852e+04 7.87744188e+00
    55204.6455171 6.28148984e+04 7.51760674e+00 6.82967969e+04 8.15386486e+00
    55204.6659505 6.84102500e+04 7.76146221e+00 7.43783125e+04 8.41494751e+00
    55204.6863838 7.24797734e+04 7.93399811e+00 7.87990234e+04 8.60550880e+00
    55204.7068173 7.50218672e+04 8.03775215e+00 8.15633828e+04 8.71181679e+00
    55204.7272507 7.72110703e+04 8.12877274e+00 8.39423438e+04 8.81140423e+00
    55204.7476840 7.87623359e+04 8.19073009e+00 8.56256797e+04 8.88022614e+00
    55204.7681175 7.95378047e+04 8.22195339e+00 8.64720156e+04 8.91260433e+00
    55204.7885509 7.95814844e+04 8.22331810e+00 8.65183672e+04 8.90935516e+00
    55204.8089843 7.89176172e+04 8.19652081e+00 8.57953594e+04 8.88838863e+00
    55204.8294177 7.77357656e+04 8.15119934e+00 8.45144766e+04 8.82853889e+00
    55204.8498511 7.63775078e+04 8.09189892e+00 8.30351719e+04 8.76947212e+00
    55204.8702845 7.49104766e+04 8.03359222e+00 8.14410625e+04 8.70467377e+00
    55204.8907179 7.28887891e+04 7.95010185e+00 7.92458203e+04 8.61294842e+00
    55204.9111512 7.08041562e+04 7.86116457e+00 7.69798828e+04 8.51860237e+00
    55204.9315846 6.91672188e+04 7.79198313e+00 7.52004453e+04 8.45076847e+00
    55204.9520179 6.84365000e+04 7.76083422e+00 7.44075703e+04 8.39978981e+00
    55204.9724514 6.89176875e+04 7.78216457e+00 7.49275391e+04 8.43964481e+00
    55204.9928848 7.03538906e+04 7.84154463e+00 7.64897812e+04 8.49853992e+00
    55205.0133181 7.20987891e+04 7.91710615e+00 7.83894609e+04 8.57545757e+00
    55205.0337516 7.38474766e+04 7.98790216e+00 8.02863125e+04 8.65490627e+00
    55205.0541850 7.52232266e+04 8.04605198e+00 8.17842578e+04 8.70949459e+00
    55205.0746183 7.64651406e+04 8.09642792e+00 8.31334141e+04 8.77145958e+00
    55205.0950518 7.75980234e+04 8.14370728e+00 8.43622656e+04 8.81870842e+00
    55205.1154851 7.82651328e+04 8.17158985e+00 8.50902109e+04 8.85052395e+00
    55205.1359185 7.83025547e+04 8.17299461e+00 8.51312344e+04 8.84931564e+00
    55205.1563520 7.75612344e+04 8.14211082e+00 8.43221016e+04 8.82194042e+00
    55205.1767854 7.60492188e+04 8.07886887e+00 8.26826719e+04 8.74399853e+00
    55205.1972187 7.39897031e+04 7.99361849e+00 8.04438359e+04 8.64868832e+00
    55205.2176521 7.15170859e+04 7.89260578e+00 7.77547734e+04 8.54817200e+00
    55205.2380856 6.76762969e+04 7.72788668e+00 7.35830781e+04 8.36591148e+00
    55205.2585189 6.23461602e+04 7.49843264e+00 6.77892188e+04 8.12144852e+00
    55205.2789523 5.68437109e+04 7.25076914e+00 6.18086484e+04 7.85671091e+00
    55205.2993858 5.35237734e+04 7.09546423e+00 5.82028945e+04 7.68671417e+00
    55205.3198191 5.43237578e+04 7.13195944e+00 5.90720898e+04 7.73394489e+00
    55205.3402525 5.87504648e+04 7.33553934e+00 6.38838398e+04 7.94491625e+00
    55205.3606860 6.46006133e+04 7.59744406e+00 7.02414766e+04 8.22422314e+00
    55205.3811193 6.98055703e+04 7.81961203e+00 7.58978281e+04 8.46885681e+00
    55205.4015527 7.32355312e+04 7.96423626e+00 7.96252891e+04 8.62101173e+00
    55205.4219861 7.56032891e+04 8.06092262e+00 8.21993516e+04 8.72340107e+00
    55205.4424196 7.75750078e+04 8.14328575e+00 8.43397578e+04 8.81401062e+00
    55205.4628529 7.88957734e+04 8.19781876e+00 8.57775859e+04 8.86735630e+00
    55205.4832863 7.96491250e+04 8.24588013e+00 8.65959062e+04 8.92022991e+00
    55205.5037198 7.92452188e+04 8.21114922e+00 8.61555000e+04 8.87739182e+00
    55205.5241531 7.83919141e+04 8.17685509e+00 8.52306094e+04 8.84808636e+00
    55205.5445865 7.71307969e+04 8.12530994e+00 8.38595469e+04 8.77297783e+00
    55205.5650200 7.58018203e+04 8.07096958e+00 8.24135156e+04 8.73642540e+00
    55205.5854533 7.41464766e+04 8.00174046e+00 8.06171562e+04 8.66235542e+00
    55205.6058867 7.20749531e+04 7.91724682e+00 7.83655703e+04 8.56613064e+00
    55205.6263202 7.01578047e+04 7.83592415e+00 7.62804922e+04 8.48121548e+00
    55205.6467535 6.87633359e+04 7.77438068e+00 7.47683359e+04 8.40454006e+00
    55205.6671869 6.84695469e+04 7.76265812e+00 7.44486953e+04 8.39637375e+00
    55205.6876203 6.93061484e+04 7.80011415e+00 7.53551875e+04 8.44349003e+00
    55205.7080537 7.09257500e+04 7.86633730e+00 7.71181641e+04 8.50527382e+00
    55205.7284871 7.27343359e+04 7.94279718e+00 7.90808281e+04 8.59336853e+00
    55205.7489205 7.43889531e+04 8.01126480e+00 8.08801641e+04 8.66308594e+00
    55205.7693540 7.56623984e+04 8.06575489e+00 8.22645469e+04 8.71780872e+00
    55205.7897873 7.69376641e+04 8.11554909e+00 8.36492891e+04 8.76694012e+00
    55205.8102207 7.79621562e+04 8.15854263e+00 8.47630234e+04 8.82260513e+00
    55205.8306541 7.84344531e+04 8.18046761e+00 8.52786016e+04 8.83744240e+00
    55205.8510875 7.82138750e+04 8.17024708e+00 8.50358359e+04 8.82965565e+00
    55205.8715209 7.71888359e+04 8.12757206e+00 8.39250156e+04 8.77409744e+00
    55205.8919543 7.54387656e+04 8.05740452e+00 8.20224688e+04 8.70857716e+00
    55205.9123877 7.32315000e+04 7.96453190e+00 7.96231250e+04 8.61440277e+00
    55205.9328211 7.04509609e+04 7.84772301e+00 7.66033438e+04 8.47780418e+00
    55205.9532545 6.60403047e+04 7.66188669e+00 7.18094062e+04 8.27264500e+00
    55205.9736880 6.04191016e+04 7.41071367e+00 6.56986875e+04 8.01678467e+00
    55205.9941213 5.53764961e+04 7.18146181e+00 6.02211484e+04 7.76259041e+00
    55206.0145547 5.33075664e+04 7.08439684e+00 5.79739180e+04 7.66138983e+00
    55206.0349882 5.54287539e+04 7.18375921e+00 6.02756445e+04 7.77015781e+00
    55206.0554216 6.06347734e+04 7.42087269e+00 6.59370234e+04 8.01942253e+00
    55206.0758549 6.64794531e+04 7.67997026e+00 7.22887891e+04 8.28714275e+00
    55206.0962884 7.11731953e+04 7.87720156e+00 7.46556328e+04 8.50175190e+00
    55206.1167218 7.41291484e+04 8.00178432e+00 7.56525703e+04 8.62250710e+00
    55206.1371551 7.63618906e+04 8.09349918e+00 7.63766328e+04 8.72818184e+00
    55206.1575886 7.81592500e+04 8.16875458e+00 7.71414688e+04 8.80576992e+00
    55206.1780220 7.92080469e+04 8.21039581e+00 7.76067109e+04 8.83875942e+00
    55206.1984553 7.95098438e+04 8.22200584e+00 7.77660156e+04 8.86538982e+00
    55206.2188888 7.90411641e+04 8.20436001e+00 8.59397266e+04 8.84187126e+00
