# Kepler Asteroseismic Data
# KIC number: 12004834
# Season:     Q4
# TRF:        0
# Version:    7
# Time is in truncated barycentric julian date
# Time (days), Raw Flux, Raw Flux error, Corrected Flux, Corrected Flux error
#-----------------------------------------------------------
    55185.3771450 9.31141797e+03 3.21787572e+00           -Inf           -Inf
    55185.3975781 8.14910352e+03 3.09735370e+00 1.52696670e+04 5.82500410e+00
    55185.4180114           -Inf           -Inf           -Inf           -Inf
    55185.4384444 9.35333398e+03 3.22211170e+00 1.74484473e+04 6.06706095e+00
    55185.4588776 9.42743750e+03 3.22929430e+00 1.76538594e+04 6.06989145e+00
    55185.4793108 9.42067578e+03 3.22872829e+00 1.76705742e+04 6.06411552e+00
    55185.4997439 9.34033984e+03 3.22073221e+00 1.74111309e+04 6.06868410e+00
    55185.5201771 8.82283203e+03 3.17001462e+00 1.64850215e+04 5.96687078e+00
    55185.5406101 8.64499414e+03 3.15034246e+00 1.61968643e+04 5.92327690e+00
    55185.5610434 9.35981934e+03 3.22276258e+00 1.74965801e+04 6.06613016e+00
    55185.5814766 9.45625195e+03 3.23493528e+00 1.77054297e+04 6.08633137e+00
    55185.6019096 9.49318945e+03 3.23858595e+00 1.77288516e+04 6.09905434e+00
    55185.6223429 9.41742676e+03 3.22828650e+00 1.76216582e+04 6.07706547e+00
    55185.6427761 9.21912207e+03 3.20894074e+00 1.72558652e+04 6.04224110e+00
    55185.6632092 8.10497412e+03 3.09288406e+00 1.51135488e+04 5.83351183e+00
    55185.6836424 9.17577344e+03 3.20460701e+00 1.71593984e+04 6.03496313e+00
    55185.7040755 9.35107324e+03 3.22184038e+00 1.75029531e+04 6.06688929e+00
    55185.7245087 9.41865039e+03 3.22841954e+00 1.75885391e+04 6.08694744e+00
    55185.7449419 9.41051758e+03 3.22759843e+00 1.75892676e+04 6.08267260e+00
    55185.7653750 9.31964746e+03 3.21876693e+00 1.74915195e+04 6.05952120e+00
    55185.7858082 8.62727051e+03 3.14560008e+00 1.61056807e+04 5.93340302e+00
    55185.8062413 8.84246973e+03 3.17195559e+00 1.64930742e+04 5.98412132e+00
    55185.8266745 9.36257812e+03 3.22292709e+00 1.75142578e+04 6.07313824e+00
    55185.8471077 9.45783008e+03 3.23513556e+00 1.76926719e+04 6.09620905e+00
    55185.8675408 9.48028711e+03 3.23747683e+00 1.77344473e+04 6.10053539e+00
    55185.8879740 9.39694922e+03 3.22643518e+00 1.75743828e+04 6.08435011e+00
    55185.9084072 9.05007324e+03 3.19242740e+00 1.69012773e+04 6.02295971e+00
    55185.9288403 8.14939941e+03 3.09740019e+00 1.52486416e+04 5.84138727e+00
    55185.9492735 9.24335742e+03 3.21148133e+00 1.72657676e+04 6.05911779e+00
    55185.9697067 9.36394336e+03 3.22320819e+00 1.74886367e+04 6.08470201e+00
    55185.9901397           -Inf           -Inf           -Inf           -Inf
    55186.0105729 9.39280664e+03 3.22599030e+00 1.75741191e+04 6.08512211e+00
    55186.0310062 9.31542578e+03 3.21846366e+00 1.73995000e+04 6.07539177e+00
    55186.0514393 8.43601270e+03 3.12647533e+00 1.57586201e+04 5.89943647e+00
    55186.0718724 9.01896875e+03 3.18952417e+00 1.68820234e+04 6.01496983e+00
    55186.0923057 9.38198047e+03 3.22497225e+00 1.75453691e+04 6.08594751e+00
    55186.1127388 9.47121777e+03 3.23661017e+00 1.77375078e+04 6.10608387e+00
    55186.1331719 9.46644922e+03 3.23621321e+00 1.76719238e+04 6.11131048e+00
    55186.1536052 9.37546387e+03 3.22430611e+00 1.75404531e+04 6.08543491e+00
    55186.1740383 8.83733789e+03 3.17163944e+00 1.65623203e+04 5.98419237e+00
    55186.1944714 8.32331250e+03 3.11501646e+00 1.54950957e+04 5.88374996e+00
    55186.2149047 9.27702734e+03 3.21478581e+00 1.73463945e+04 6.06991243e+00
    55186.2353378 9.37860547e+03 3.22457767e+00 1.75271172e+04 6.08489847e+00
    55186.2557709 9.42544922e+03 3.22915769e+00 1.76350469e+04 6.09232283e+00
    55186.2762041 9.38402734e+03 3.22515869e+00 1.75878340e+04 6.08203459e+00
    55186.2966374 9.26567480e+03 3.21353292e+00 1.73262480e+04 6.06574392e+00
    55186.3170704 8.33244141e+03 3.11598086e+00 1.55261553e+04 5.88583946e+00
    55186.3375036 9.16260742e+03 3.20349002e+00 1.71216602e+04 6.04733372e+00
    55186.3579368 9.40020215e+03 3.22675586e+00 1.76196699e+04 6.08674812e+00
    55186.3783699 9.47822559e+03 3.23718238e+00 1.76892246e+04 6.11141491e+00
    55186.3988031 9.45683691e+03 3.23232579e+00 1.77521191e+04 6.09739780e+00
    55186.4192364 9.35616602e+03 3.22242641e+00 1.74926289e+04 6.08535385e+00
    55186.4396694 8.60140332e+03 3.14587998e+00 1.59820244e+04 5.94473076e+00
    55186.4601026 8.55831055e+03 3.13886356e+00 1.60719482e+04 5.91561270e+00
    55186.4805359 9.29806152e+03 3.21664500e+00 1.73717910e+04 6.07246113e+00
    55186.5009689 9.39392480e+03 3.22602344e+00 1.75788730e+04 6.09138012e+00
    55186.5214021 9.42443164e+03 3.22907925e+00 1.76369336e+04 6.09722042e+00
    55186.5418353 9.37488477e+03 3.22433043e+00 1.74801660e+04 6.09255457e+00
    55186.5622685 9.16245312e+03 3.20352459e+00 1.71405664e+04 6.04952288e+00
    55186.5827016 8.32950586e+03 3.11566782e+00 1.56267129e+04 5.87985420e+00
    55186.6031348 9.26763184e+03 3.21385384e+00 1.72791562e+04 6.07243776e+00
    55186.6235680 9.41890332e+03 3.22846127e+00 1.76503203e+04 6.09467697e+00
    55186.6440011 9.48305078e+03 3.23778343e+00 1.77446758e+04 6.11364174e+00
    55186.6644343 9.46093945e+03 3.23267341e+00 1.76528535e+04 6.10881042e+00
    55186.6848676 9.34718066e+03 3.22149229e+00 1.74886055e+04 6.08433247e+00
    55186.7053007 8.36333887e+03 3.11918259e+00 1.56488203e+04 5.89004707e+00
    55186.7257338 8.79667578e+03 3.16762137e+00 1.64278652e+04 5.98443508e+00
    55186.7461671 9.30970410e+03 3.21803498e+00 1.74465000e+04 6.07586002e+00
    55186.7666002 9.40901270e+03 3.22760272e+00 1.75907676e+04 6.09465742e+00
    55186.7870333           -Inf           -Inf           -Inf           -Inf
    55186.8074664 9.35748340e+03 3.22272110e+00 1.75259648e+04 6.08654785e+00
    55186.8278997 9.01483594e+03 3.18907070e+00 1.68140078e+04 6.02797222e+00
    55186.8483329 8.42663184e+03 3.12567401e+00 1.57354014e+04 5.90790033e+00
    55186.8687660 9.31705859e+03 3.21880674e+00 1.74444004e+04 6.08103275e+00
    55186.8891992 9.42011426e+03 3.22872353e+00 1.76187812e+04 6.10045433e+00
    55186.9096324 9.48070117e+03 3.23600054e+00 1.77597754e+04 6.11100245e+00
    55186.9300656 9.43296191e+03 3.23010492e+00 1.76614219e+04 6.10284424e+00
    55186.9504987 9.29886816e+03 3.21709418e+00 1.73449746e+04 6.08218241e+00
    55186.9709319 8.16182275e+03 3.09884024e+00 1.52394043e+04 5.85831547e+00
    55186.9913651 9.00169336e+03 3.18778634e+00 1.68413496e+04 6.02493048e+00
    55187.0117982 9.33850586e+03 3.22080374e+00 1.74373340e+04 6.08960676e+00
    55187.0322314 9.41442383e+03 3.22827291e+00 1.76513223e+04 6.10016584e+00
    55187.0526646 9.41534766e+03 3.22835398e+00 1.76158965e+04 6.10237694e+00
    55187.0730977 9.33690820e+03 3.22064042e+00 1.74330996e+04 6.08872890e+00
    55187.0935309 8.83455078e+03 3.17135715e+00 1.65421934e+04 5.99511290e+00
    55187.1139641 8.59642969e+03 3.14470983e+00 1.60401865e+04 5.94537544e+00
    55187.1343972 9.34269824e+03 3.22126031e+00 1.74380996e+04 6.09188318e+00
    55187.1548305 9.45513086e+03 3.23224020e+00 1.77115625e+04 6.11064291e+00
    55187.1752636 9.48551465e+03 3.23511147e+00 1.77362520e+04 6.11672163e+00
    55187.1956967 9.41625293e+03 3.22843838e+00 1.76162891e+04 6.10464668e+00
    55187.2161300 9.22217871e+03 3.20957565e+00 1.72663965e+04 6.06725550e+00
    55187.2365632 8.08798682e+03 3.09134817e+00 1.50546641e+04 5.84598017e+00
    55187.2569963 9.15311230e+03 3.20279336e+00 1.71112559e+04 6.05760622e+00
    55187.2774294 9.34216406e+03 3.22121739e+00 1.74853184e+04 6.09039307e+00
    55187.2978627 9.41593945e+03 3.22846222e+00 1.75929824e+04 6.10682917e+00
    55187.3182958 9.40214746e+03 3.22701216e+00 1.75880879e+04 6.10303354e+00
    55187.3387290 9.31827148e+03 3.21885872e+00 1.74437520e+04 6.08786535e+00
    55187.3591622 8.63444531e+03 3.14862323e+00 1.60857080e+04 5.95602846e+00
    55187.3795953 8.79626172e+03 3.16765904e+00 1.64571797e+04 5.99100876e+00
    55187.4000285 9.36367285e+03 3.22340417e+00 1.75156035e+04 6.09501219e+00
    55187.4204618 9.45594531e+03 3.23236728e+00 1.76526699e+04 6.11569786e+00
    55187.4408949 9.47586816e+03 3.23426533e+00 1.77465684e+04 6.11682224e+00
    55187.4613280 9.41346191e+03 3.22825193e+00 1.76003945e+04 6.10714197e+00
    55187.4817613 9.07718750e+03 3.19555044e+00 1.69393965e+04 6.04412222e+00
    55187.5021944 8.17052539e+03 3.09974122e+00 1.52710127e+04 5.86324644e+00
    55187.5226276 9.27295801e+03 3.21447587e+00 1.73153242e+04 6.08169651e+00
    55187.5430607 9.38611230e+03 3.22550607e+00 1.75448301e+04 6.09986115e+00
    55187.5634940 9.43209961e+03 3.22998810e+00 1.76657422e+04 6.10966873e+00
    55187.5839271 9.40250586e+03 3.22716951e+00 1.75759648e+04 6.10462141e+00
    55187.6043603 9.30931641e+03 3.21817231e+00 1.74040762e+04 6.08605957e+00
    55187.6247936 8.46066406e+03 3.12910247e+00 1.58166104e+04 5.92051077e+00
    55187.6452266 8.99550293e+03 3.18737650e+00 1.67768652e+04 6.02871990e+00
    55187.6656598 9.43904004e+03 3.23422289e+00 1.76766445e+04 6.11745882e+00
    55187.6860931 9.52826465e+03 3.24233079e+00 1.78580000e+04 6.13226748e+00
    55187.7065262 9.50001367e+03 3.23661661e+00 1.77131719e+04 6.12119722e+00
    55187.7269594 9.39002441e+03 3.22602963e+00 1.75761426e+04 6.10346746e+00
    55187.7473927 8.88189648e+03 3.17622280e+00 1.66006250e+04 6.00858688e+00
    55187.7678257 8.28256445e+03 3.11129808e+00 1.54357842e+04 5.88628531e+00
    55187.7882589 9.28263965e+03 3.21562767e+00 1.73789199e+04 6.08408642e+00
    55187.8086921 9.38328906e+03 3.22532654e+00 1.75496230e+04 6.09984732e+00
    55187.8291253 9.42604688e+03 3.22954607e+00 1.76123633e+04 6.11110640e+00
    55187.8495585 9.38144531e+03 3.22520232e+00 1.75662441e+04 6.10185528e+00
    55187.8699916 9.26687305e+03 3.21405077e+00 1.73128711e+04 6.08123064e+00
    55187.8904249 8.34503809e+03 3.11761355e+00 1.55696211e+04 5.90054226e+00
    55187.9108580 9.14254688e+03 3.20199132e+00 1.71150977e+04 6.05772400e+00
    55187.9312912 9.39208301e+03 3.22638512e+00 1.75514219e+04 6.10596037e+00
    55187.9517244 9.47129590e+03 3.23405933e+00 1.77040723e+04 6.11945248e+00
    55187.9721576 9.46206250e+03 3.23307276e+00 1.77338008e+04 6.11828327e+00
    55187.9925907 9.35385645e+03 3.22253370e+00 1.74570781e+04 6.09282827e+00
    55188.0130239 8.62911328e+03 3.14832211e+00 1.61325986e+04 5.95717239e+00
    55188.0334571 8.50981250e+03 3.13649082e+00 1.58794658e+04 5.93216753e+00
    55188.0538902 9.29361523e+03 3.21665883e+00 1.73556328e+04 6.08291388e+00
    55188.0743234 9.38501172e+03 3.22559643e+00 1.75818535e+04 6.10144377e+00
    55188.0947567 9.41970996e+03 3.22903919e+00 1.76225938e+04 6.11030054e+00
    55188.1151898 9.37167188e+03 3.22427416e+00 1.74798574e+04 6.09856892e+00
    55188.1356229 9.17875586e+03 3.20547462e+00 1.71992480e+04 6.06655550e+00
    55188.1560562 8.32929980e+03 3.11605358e+00 1.55378672e+04 5.89771509e+00
    55188.1764894 9.26063086e+03 3.21353936e+00 1.72825645e+04 6.08113861e+00
    55188.1969225 9.41939746e+03 3.22901893e+00 1.76688105e+04 6.11102295e+00
    55188.2173558 9.49808301e+03 3.23725653e+00 1.77360410e+04 6.12457991e+00
    55188.2377890 9.45446191e+03 3.23237753e+00 1.76608887e+04 6.10860205e+00
    55188.2582220 9.33814941e+03 3.22108269e+00 1.75035508e+04 6.09591913e+00
    55188.2786552 8.38966602e+03 3.12220478e+00 1.56271797e+04 5.90728807e+00
    55188.2990885 8.75934082e+03 3.16423130e+00 1.63654199e+04 5.98615885e+00
    55188.3195216 9.30647559e+03 3.21800923e+00 1.74474258e+04 6.08789778e+00
    55188.3399548 9.40097168e+03 3.22712183e+00 1.75401426e+04 6.10452080e+00
    55188.3603881 9.41841016e+03 3.22890735e+00 1.76130742e+04 6.11048460e+00
    55188.3808212 9.34924219e+03 3.22239113e+00 1.74934590e+04 6.09771204e+00
    55188.4012543           -Inf           -Inf           -Inf           -Inf
    55188.4216876 8.39700488e+03 3.12309313e+00 1.56860781e+04 5.91091585e+00
    55188.4421208 9.34074707e+03 3.22149372e+00 1.74540371e+04 6.09294319e+00
    55188.4625539 9.44307129e+03 3.23130441e+00 1.76353008e+04 6.11279964e+00
    55188.4829872 9.48184961e+03 3.23518229e+00 1.77769258e+04 6.12317467e+00
    55188.5034204 9.43276465e+03 3.23035741e+00 1.76342852e+04 6.11067867e+00
    55188.5238535 9.30686133e+03 3.21811604e+00 1.73700938e+04 6.08780909e+00
    55188.5442867 8.19056348e+03 3.10212183e+00 1.53279121e+04 5.87029791e+00
    55188.5647199 8.97123535e+03 3.18521237e+00 1.67505820e+04 6.02627945e+00
    55188.5851530 9.32952637e+03 3.22032046e+00 1.74183535e+04 6.09405565e+00
    55188.6055862 9.41288867e+03 3.22844696e+00 1.76548730e+04 6.11151171e+00
    55188.6260195 9.41349121e+03 3.22845864e+00 1.75822070e+04 6.10781193e+00
    55188.6464526 9.35056543e+03 3.22243953e+00 1.74807363e+04 6.09849548e+00
    55188.6668858 8.87494238e+03 3.17580938e+00 1.66182949e+04 6.01085138e+00
    55188.6873191 8.57555957e+03 3.14300704e+00 1.59965264e+04 5.94742203e+00
    55188.7077523 9.33285449e+03 3.22050762e+00 1.74452207e+04 6.09562588e+00
    55188.7281854 9.44180859e+03 3.23117399e+00 1.76640488e+04 6.11558628e+00
    55188.7486186 9.47281445e+03 3.23440194e+00 1.77199258e+04 6.12137222e+00
    55188.7690518 9.45822656e+03 3.23631525e+00 1.77112832e+04 6.12517071e+00
    55188.7894849 9.25328516e+03 3.21708369e+00 1.73200820e+04 6.08835459e+00
    55188.8099181 8.10180664e+03 3.09313989e+00 1.50871953e+04 5.85303020e+00
    55188.8303513 9.12763281e+03 3.20059967e+00 1.70903965e+04 6.05704832e+00
    55188.8507845 9.34563379e+03 3.22194076e+00 1.74864941e+04 6.09777737e+00
    55188.8712177 9.42255664e+03 3.22940040e+00 1.76050293e+04 6.10815096e+00
    55188.8916509 9.40552539e+03 3.22777367e+00 1.76034082e+04 6.10787439e+00
    55188.9120841 9.33268164e+03 3.22063446e+00 1.74508379e+04 6.09051466e+00
    55188.9325172 8.67052539e+03 3.15253377e+00 1.61867803e+04 5.96238565e+00
    55188.9529505 8.76465234e+03 3.16484213e+00 1.64156172e+04 5.98939371e+00
    55188.9733836 9.35148535e+03 3.22253919e+00 1.74728672e+04 6.09643269e+00
    55188.9938168 9.44235254e+03 3.23149371e+00 1.76499805e+04 6.11651516e+00
    55189.0142500 9.46773145e+03 3.23389006e+00 1.77450801e+04 6.11865473e+00
    55189.0346832 9.40288477e+03 3.22740149e+00 1.75474102e+04 6.10505724e+00
    55189.0551164 9.09219531e+03 3.19726276e+00 1.70348262e+04 6.05197954e+00
    55189.0755495 8.11261621e+03 3.09429240e+00 1.51614756e+04 5.85536814e+00
    55189.0959828 9.24499219e+03 3.21214557e+00 1.72607383e+04 6.07342196e+00
    55189.1164160 9.36300488e+03 3.22366762e+00 1.75208809e+04 6.09776354e+00
    55189.1368491 9.42094238e+03 3.22926402e+00 1.76335605e+04 6.10348511e+00
    55189.1572824 9.38902148e+03 3.22608566e+00 1.75319727e+04 6.10304832e+00
    55189.1777156 9.34424512e+03 3.22181964e+00 1.75034121e+04 6.09553194e+00
    55189.1981487 8.51583398e+03 3.13715982e+00 1.59295469e+04 5.93478870e+00
    55189.2185820 8.96009961e+03 3.18414044e+00 1.66994746e+04 6.02049112e+00
    55189.2390152 9.36620898e+03 3.22390509e+00 1.75701504e+04 6.09955883e+00
    55189.2594483 9.45626270e+03 3.23266625e+00 1.76816289e+04 6.11694288e+00
    55189.2798816 9.46958203e+03 3.23396516e+00 1.76666777e+04 6.11411047e+00
    55189.3003147 9.38422168e+03 3.22561550e+00 1.76024434e+04 6.10380554e+00
    55189.3207479 8.91091016e+03 3.17937851e+00 1.66467559e+04 6.01343346e+00
    55189.3411810 8.25295410e+03 3.10861850e+00 1.53972178e+04 5.88135290e+00
    55189.3616143 9.27625000e+03 3.21522617e+00 1.73561992e+04 6.08561516e+00
    55189.3820475 9.38128027e+03 3.22535133e+00 1.75320625e+04 6.10098362e+00
    55189.4024806 9.42398828e+03 3.22953486e+00 1.76233809e+04 6.11193466e+00
    55189.4229139 9.39552832e+03 3.22681642e+00 1.76237090e+04 6.10666084e+00
    55189.4433471 9.27552051e+03 3.21508193e+00 1.73014922e+04 6.07610655e+00
    55189.4637802 8.35987109e+03 3.12138200e+00 1.55933711e+04 5.90274858e+00
    55189.4842135 9.12794531e+03 3.20064211e+00 1.71026855e+04 6.05356026e+00
    55189.5046467 9.39758594e+03 3.22701001e+00 1.75510234e+04 6.10031033e+00
    55189.5250798 9.47243848e+03 3.23423910e+00 1.77260703e+04 6.11513567e+00
    55189.5455130 9.46163574e+03 3.23321557e+00 1.77189648e+04 6.10868120e+00
    55189.5659463 9.35983496e+03 3.22342801e+00 1.74818008e+04 6.09338093e+00
    55189.5863795 8.67573730e+03 3.15306759e+00 1.62239902e+04 5.96379089e+00
    55189.6068126 8.47903711e+03 3.13341665e+00 1.58329082e+04 5.92602491e+00
    55189.6272459 9.29599219e+03 3.21714044e+00 1.73653770e+04 6.07794714e+00
    55189.6476790 9.39305664e+03 3.22656775e+00 1.75860645e+04 6.10209036e+00
    55189.6681122 9.47650488e+03 3.23464322e+00 1.77313145e+04 6.11750412e+00
    55189.6885455 9.41610645e+03 3.22874689e+00 1.75810156e+04 6.10395241e+00
    55189.7089786 9.21908789e+03 3.20973969e+00 1.72809648e+04 6.06798458e+00
    55189.7294118 8.33853027e+03 3.11928201e+00 1.55469121e+04 5.89219046e+00
    55189.7498451 9.24690332e+03 3.21239495e+00 1.72859316e+04 6.06550407e+00
    55189.7702782 9.41029297e+03 3.22838378e+00 1.76163828e+04 6.10393667e+00
    55189.7907114 9.48818359e+03 3.23592520e+00 1.77267051e+04 6.11238384e+00
    55189.8111446 9.46129102e+03 3.23321605e+00 1.76899902e+04 6.10380840e+00
    55189.8315778 9.34836426e+03 3.22231388e+00 1.75233301e+04 6.09060431e+00
    55189.8520110 8.43088086e+03 3.12866545e+00 1.57209971e+04 5.90682316e+00
    55189.8724442 8.72190430e+03 3.15773368e+00 1.63392334e+04 5.97283649e+00
    55189.8928774 9.30820605e+03 3.21841264e+00 1.74106836e+04 6.08249140e+00
    55189.9133106 9.40384766e+03 3.22764087e+00 1.75505664e+04 6.09956694e+00
    55189.9337438 9.42513184e+03 3.22979999e+00 1.76465078e+04 6.10499954e+00
    55189.9541771 9.36140918e+03 3.22353888e+00 1.75169590e+04 6.09527016e+00
    55189.9746102 9.08329590e+03 3.19649029e+00 1.69676387e+04 6.04349470e+00
    55189.9950434 8.38968262e+03 3.12453341e+00 1.56956982e+04 5.90831947e+00
    55190.0154767 9.30426855e+03 3.21806216e+00 1.73847598e+04 6.08019447e+00
    55190.0359098 9.43854297e+03 3.23101449e+00 1.76268594e+04 6.10354280e+00
    55190.0563430 9.49618750e+03 3.23668790e+00 1.77994824e+04 6.11846733e+00
    55190.0767761 9.44410645e+03 3.23166871e+00 1.76717656e+04 6.11182356e+00
    55190.0972094 9.32263770e+03 3.21982718e+00 1.74143555e+04 6.08556080e+00
    55190.1176426 8.21804980e+03 3.10506701e+00 1.53729004e+04 5.86495733e+00
    55190.1380757 8.94570410e+03 3.18287826e+00 1.67063965e+04 6.01090193e+00
    55190.1585090 9.32723633e+03 3.22028923e+00 1.74264219e+04 6.07968092e+00
    55190.1789422 9.41133984e+03 3.22844601e+00 1.76205996e+04 6.10326481e+00
    55190.1993754 9.41667480e+03 3.22891665e+00 1.75948438e+04 6.10545349e+00
    55190.2198086 9.34491699e+03 3.22211981e+00 1.74917832e+04 6.09027672e+00
    55190.2402418 8.91476367e+03 3.17987061e+00 1.66771074e+04 6.00791931e+00
    55190.2606750 8.53857129e+03 3.13950968e+00 1.59396025e+04 5.93272018e+00
    55190.2811083 9.34029883e+03 3.22161818e+00 1.74796641e+04 6.09018993e+00
    55190.3015414 9.43392578e+03 3.23058820e+00 1.76641562e+04 6.10412741e+00
    55190.3219746 9.48102148e+03 3.23529625e+00 1.77091172e+04 6.11494064e+00
    55190.3424077 9.42684180e+03 3.23006749e+00 1.76494160e+04 6.10857582e+00
    55190.3628410 9.24577051e+03 3.21237040e+00 1.72985469e+04 6.06693840e+00
    55190.3832743 8.09995166e+03 3.09317112e+00 1.50805703e+04 5.84388018e+00
    55190.4037074 9.11394141e+03 3.19944286e+00 1.70836562e+04 6.05173683e+00
    55190.4241407 9.34366406e+03 3.22199726e+00 1.74735234e+04 6.09263611e+00
    55190.4445739 9.41664062e+03 3.22898602e+00 1.75967227e+04 6.10380363e+00
    55190.4650071 9.40765137e+03 3.22812653e+00 1.76487695e+04 6.10869741e+00
    55190.4854403 9.34042871e+03 3.22173524e+00 1.74670273e+04 6.09237289e+00
    55190.5058735 8.71420703e+03 3.15705967e+00 1.62709648e+04 5.97049284e+00
    55190.5263066 8.74864160e+03 3.16033244e+00 1.63618848e+04 5.97788525e+00
    55190.5467398 9.36555566e+03 3.22417188e+00 1.75260645e+04 6.09430027e+00
    55190.5671731 9.45320898e+03 3.23251128e+00 1.76821484e+04 6.11018705e+00
    55190.5876062 9.47539160e+03 3.23493695e+00 1.77513027e+04 6.11997175e+00
    55190.6080394 9.40271777e+03 3.22762942e+00 1.75902051e+04 6.10412121e+00
    55190.6284727 9.13102148e+03 3.20111394e+00 1.70944277e+04 6.05433702e+00
    55190.6489058 8.10395264e+03 3.09362650e+00 1.51386621e+04 5.85376406e+00
    55190.6693390 9.21724609e+03 3.20961976e+00 1.72220078e+04 6.06674433e+00
    55190.6897724 9.34837500e+03 3.22241640e+00 1.74983145e+04 6.09698153e+00
    55190.7102055 9.42539551e+03 3.22993731e+00 1.76758379e+04 6.11286926e+00
    55190.7306387 9.40172266e+03 3.22759485e+00 1.75645430e+04 6.10223341e+00
    55190.7510720 9.31225781e+03 3.21885204e+00 1.74420176e+04 6.08932066e+00
    55190.7715051 8.51789941e+03 3.13738537e+00 1.59230605e+04 5.93532658e+00
    55190.7919383 8.92982812e+03 3.18140316e+00 1.66773066e+04 6.01648331e+00
    55190.8123715 9.36764160e+03 3.22424483e+00 1.75696895e+04 6.09865904e+00
    55190.8328048 9.46187207e+03 3.23350048e+00 1.77048613e+04 6.11337185e+00
    55190.8532379 9.47276465e+03 3.23442721e+00 1.77140273e+04 6.11585951e+00
    55190.8736711 9.38749121e+03 3.22617292e+00 1.75962012e+04 6.10227108e+00
    55190.8941044 8.94639062e+03 3.18304157e+00 1.67112422e+04 6.02103424e+00
    55190.9145376 8.22732227e+03 3.10604477e+00 1.53706494e+04 5.87463570e+00
    55190.9349708 9.27722852e+03 3.21559358e+00 1.74023613e+04 6.08594990e+00
    55190.9554041 9.36792383e+03 3.22442722e+00 1.75161523e+04 6.10151577e+00
    55190.9758372 9.41843262e+03 3.22918463e+00 1.76344082e+04 6.11091232e+00
    55190.9962704 9.38269629e+03 3.22581792e+00 1.75710879e+04 6.10599756e+00
    55191.0167037 9.27748633e+03 3.21547484e+00 1.73712988e+04 6.08322382e+00
    55191.0371368 8.37458594e+03 3.12304020e+00 1.56764561e+04 5.91165495e+00
    55191.0575700 9.10650977e+03 3.19876504e+00 1.70266289e+04 6.04967117e+00
    55191.0780032 9.39583105e+03 3.22691107e+00 1.75704180e+04 6.10357285e+00
    55191.0984365 9.47556836e+03 3.23520899e+00 1.77672422e+04 6.12306404e+00
    55191.1188697 9.46438379e+03 3.23375845e+00 1.77432715e+04 6.11926603e+00
    55191.1393029 9.36175586e+03 3.22376204e+00 1.75062305e+04 6.10031939e+00
    55191.1597362 8.72708984e+03 3.15845752e+00 1.63581377e+04 5.97972107e+00
    55191.1801693 8.44577246e+03 3.13020301e+00 1.57969131e+04 5.92501497e+00
    55191.2006025 9.29855273e+03 3.21752787e+00 1.73677285e+04 6.08792114e+00
    55191.2210358 9.38514160e+03 3.22598219e+00 1.76258770e+04 6.10828543e+00
    55191.2414689 9.42594727e+03 3.22992301e+00 1.76390020e+04 6.11286736e+00
    55191.2619022 9.37858105e+03 3.22548413e+00 1.75508945e+04 6.10484695e+00
    55191.2823355 9.22472949e+03 3.21029878e+00 1.73145957e+04 6.07820749e+00
    55191.3027686 8.34087988e+03 3.11963320e+00 1.55710312e+04 5.90501785e+00
    55191.3232018 9.23149023e+03 3.21091628e+00 1.72829023e+04 6.07978296e+00
    55191.3436350 9.40670996e+03 3.22807384e+00 1.76417812e+04 6.11012936e+00
    55191.3640682 9.48542188e+03 3.23572087e+00 1.77545645e+04 6.12472010e+00
    55191.3845014           -Inf           -Inf           -Inf           -Inf
    55191.4049346 9.34545703e+03 3.22203088e+00 1.75262656e+04 6.09914064e+00
    55191.4253679 8.46622070e+03 3.13222814e+00 1.58039912e+04 5.92929554e+00
    55191.4458011 8.68367871e+03 3.15400219e+00 1.62800605e+04 5.97008991e+00
    55191.4662342 9.30112402e+03 3.21775961e+00 1.74256406e+04 6.09227562e+00
    55191.4866675 9.39580078e+03 3.22716236e+00 1.75669844e+04 6.10812759e+00
    55191.5071007 9.41427832e+03 3.22874808e+00 1.76774551e+04 6.11225462e+00
    55191.5275338 9.35494531e+03 3.22294974e+00 1.75033789e+04 6.09884024e+00
    55191.5479671 9.08992188e+03 3.19715333e+00 1.70057637e+04 6.05004406e+00
    55191.5684004 8.36515820e+03 3.12208652e+00 1.56975596e+04 5.91035604e+00
    55191.5888335 9.28774512e+03 3.21644449e+00 1.73552812e+04 6.08870745e+00
    55191.6092667 9.42467383e+03 3.22977924e+00 1.76453535e+04 6.11366129e+00
    55191.6297000 9.49949316e+03 3.23708916e+00 1.78415801e+04 6.12724161e+00
    55191.6501331 9.44037207e+03 3.23142958e+00 1.76722617e+04 6.11793137e+00
    55191.6705664 9.32011523e+03 3.21964955e+00 1.74569375e+04 6.09583378e+00
    55191.6909997 8.24063574e+03 3.10958004e+00 1.54355098e+04 5.88785362e+00
    55191.7114329 8.89473047e+03 3.17794585e+00 1.66329395e+04 6.01436615e+00
    55191.7318660 9.31482910e+03 3.21919203e+00 1.74628848e+04 6.09563780e+00
    55191.7522993 9.39860645e+03 3.22736144e+00 1.76251797e+04 6.11069155e+00
    55191.7727325 9.41168555e+03 3.22862530e+00 1.76128770e+04 6.10955667e+00
    55191.7931657 9.33912109e+03 3.22151423e+00 1.75145684e+04 6.09868145e+00
    55191.8135989 8.93335156e+03 3.18182826e+00 1.67526816e+04 6.02421761e+00
    55191.8340322 8.50573145e+03 3.13635468e+00 1.59035947e+04 5.93680143e+00
    55191.8544653 9.32546191e+03 3.22030616e+00 1.74846543e+04 6.09458542e+00
    55191.8748985 9.42505566e+03 3.22989273e+00 1.76727617e+04 6.11227417e+00
    55191.8953319 9.47480664e+03 3.23486733e+00 1.77162344e+04 6.12179613e+00
    55191.9157650 9.42712891e+03 3.23019457e+00 1.77009590e+04 6.11470747e+00
    55191.9361982 9.26097852e+03 3.21404004e+00 1.73672578e+04 6.08530760e+00
    55191.9566315 8.17506592e+03 3.10297728e+00 1.52558867e+04 5.87513447e+00
    55191.9770646 9.08504297e+03 3.19689703e+00 1.70553555e+04 6.05237198e+00
    55191.9974979 9.33143555e+03 3.22095633e+00 1.74997188e+04 6.09859514e+00
    55192.0179312 9.40761523e+03 3.22837305e+00 1.76081387e+04 6.11068153e+00
    55192.0383644 9.45249316e+03 3.23278689e+00 1.77536484e+04 6.11817932e+00
    55192.0587975 9.35397656e+03 3.22325945e+00 1.75080918e+04 6.10176516e+00
    55192.0792307 8.74496777e+03 3.16031361e+00 1.63812168e+04 5.98263788e+00
    55192.0996641 8.70972266e+03 3.15681410e+00 1.63395342e+04 5.97653484e+00
    55192.1200972 9.35478516e+03 3.22319412e+00 1.75010781e+04 6.10061598e+00
    55192.1405304 9.44828418e+03 3.23221111e+00 1.77415742e+04 6.11983681e+00
    55192.1609637 9.47768262e+03 3.23512125e+00 1.77726973e+04 6.12214708e+00
    55192.1813969 9.39869238e+03 3.22747731e+00 1.75972090e+04 6.10910654e+00
    55192.2018301 9.15463281e+03 3.20366597e+00 1.71754102e+04 6.06503010e+00
    55192.2222634 8.10472949e+03 3.09382439e+00 1.51943545e+04 5.85792780e+00
    55192.2426965 9.20884570e+03 3.20893383e+00 1.72274688e+04 6.07428312e+00
    55192.2631297 9.34946875e+03 3.22261167e+00 1.75472051e+04 6.10072041e+00
    55192.2835630 9.41343750e+03 3.22891068e+00 1.76369629e+04 6.11233902e+00
    55192.3039962 9.39360840e+03 3.22697878e+00 1.75925645e+04 6.10793686e+00
    55192.3244294 9.31597656e+03 3.21933484e+00 1.74913301e+04 6.09212971e+00
    55192.3448626 8.54104004e+03 3.13982248e+00 1.59899873e+04 5.94447899e+00
    55192.3652959 8.89419824e+03 3.17812395e+00 1.66430645e+04 6.01373005e+00
    55192.3857291 9.36557324e+03 3.22430086e+00 1.75843984e+04 6.10474968e+00
    55192.4061622 9.45296875e+03 3.23272872e+00 1.77110547e+04 6.11708117e+00
    55192.4265955 9.46623730e+03 3.23396063e+00 1.77231191e+04 6.11903334e+00
    55192.4470288 9.38613574e+03 3.22617817e+00 1.76255137e+04 6.10770321e+00
    55192.4674619 8.97418848e+03 3.18597221e+00 1.68020469e+04 6.02881861e+00
    55192.4878952 8.19345605e+03 3.10492659e+00 1.53144521e+04 5.87703896e+00
    55192.5083284 9.25293750e+03 3.21333790e+00 1.73647988e+04 6.07815742e+00
    55192.5287616 9.36052148e+03 3.22378087e+00 1.75244746e+04 6.10104656e+00
    55192.5491948 9.41432031e+03 3.22895813e+00 1.76788516e+04 6.11336231e+00
    55192.5696281 9.38280859e+03 3.22602510e+00 1.75942129e+04 6.10648012e+00
    55192.5900613 9.27780371e+03 3.21573162e+00 1.73442500e+04 6.08426476e+00
    55192.6104945 8.38351270e+03 3.12407374e+00 1.57249209e+04 5.91319084e+00
    55192.6309278 9.06757129e+03 3.19512010e+00 1.70079902e+04 6.04851389e+00
    55192.6513610 9.37907324e+03 3.22561693e+00 1.75565684e+04 6.10537577e+00
    55192.6717941 9.46004785e+03 3.23445678e+00 1.77655332e+04 6.12254333e+00
    55192.6922275 9.50564551e+03 3.23998141e+00 1.78120449e+04 6.13109922e+00
    55192.7126607 9.36994824e+03 3.22478819e+00 1.75451074e+04 6.10082483e+00
    55192.7330938 8.76131348e+03 3.16196156e+00 1.64471309e+04 5.98340988e+00
    55192.7535271 8.39971484e+03 3.12585926e+00 1.57267666e+04 5.91694450e+00
    55192.7739604 9.27900586e+03 3.21593952e+00 1.73730312e+04 6.08351851e+00
    55192.7943935 9.41564844e+03 3.22921133e+00 1.76864629e+04 6.11405659e+00
    55192.8148267 9.45357910e+03 3.23492885e+00 1.77063340e+04 6.11856556e+00
    55192.8352601 9.37950391e+03 3.22562933e+00 1.75886680e+04 6.10380030e+00
    55192.8556933 9.24300684e+03 3.21240997e+00 1.73509258e+04 6.07857180e+00
    55192.8761264 8.32696875e+03 3.11841846e+00 1.55804346e+04 5.90270901e+00
    55192.8965597 9.21340137e+03 3.20944881e+00 1.72651270e+04 6.07310200e+00
    55192.9169930 9.39767285e+03 3.22737169e+00 1.76375117e+04 6.10716915e+00
    55192.9374261 9.46737109e+03 3.23631048e+00 1.77383281e+04 6.12248182e+00
    55192.9578594 9.44875391e+03 3.23441052e+00 1.77206465e+04 6.12051058e+00
    55192.9782927 9.34539648e+03 3.22228146e+00 1.75400840e+04 6.09630060e+00
    55192.9987258 8.50380273e+03 3.13632321e+00 1.58699365e+04 5.93416166e+00
    55193.0191591 8.64429785e+03 3.15033031e+00 1.62277139e+04 5.96324825e+00
    55193.0395923 9.29118750e+03 3.21705723e+00 1.74209355e+04 6.08754444e+00
    55193.0600255 9.39488184e+03 3.22723222e+00 1.75863145e+04 6.10531187e+00
    55193.0804587 9.42021777e+03 3.23167849e+00 1.76977695e+04 6.11804914e+00
    55193.1008920 9.35275195e+03 3.22317004e+00 1.75480547e+04 6.09772825e+00
    55193.1213252 9.11399902e+03 3.19984293e+00 1.70563770e+04 6.05371284e+00
    55193.1417584 8.34694238e+03 3.12056756e+00 1.56347891e+04 5.90296221e+00
    55193.1621916 9.27872559e+03 3.21601987e+00 1.74019531e+04 6.08138132e+00
    55193.1826249 9.44635059e+03 3.23428011e+00 1.77068672e+04 6.11963892e+00
    55193.2030581 9.48146582e+03 3.23756599e+00 1.78148184e+04 6.12363052e+00
    55193.2234913 9.43178711e+03 3.23276591e+00 1.76629141e+04 6.11599159e+00
    55193.2439246 9.31974609e+03 3.21993566e+00 1.74707227e+04 6.09276247e+00
    55193.2643578 8.27504102e+03 3.11325955e+00 1.55238770e+04 5.88824224e+00
    55193.2847911 8.86786719e+03 3.17257738e+00 1.65927012e+04 5.99987507e+00
    55193.3052243 9.31054102e+03 3.21896052e+00 1.74675996e+04 6.09014511e+00
    55193.3256575 9.39212695e+03 3.22688270e+00 1.76038379e+04 6.10346651e+00
    55193.3460906 9.40920508e+03 3.23072982e+00 1.76192031e+04 6.11072159e+00
    55193.3665240 9.33720215e+03 3.22156525e+00 1.75437148e+04 6.09513807e+00
    55193.3869572 8.94877637e+03 3.18348312e+00 1.67748242e+04 6.02129698e+00
    55193.4073903 8.47620020e+03 3.13367319e+00 1.58384492e+04 5.92736483e+00
    55193.4278237 9.31752246e+03 3.21963191e+00 1.74753887e+04 6.09023476e+00
    55193.4482569 9.42372949e+03 3.23209929e+00 1.76842363e+04 6.11481142e+00
    55193.4686901 9.47261523e+03 3.23694944e+00 1.77448359e+04 6.12183237e+00
    55193.4891234 9.42173438e+03 3.23184347e+00 1.76993594e+04 6.11567497e+00
    55193.5095566 9.26928125e+03 3.21493626e+00 1.73904473e+04 6.08328390e+00
    55193.5299898 8.12175049e+03 3.09766078e+00 1.51662080e+04 5.85869694e+00
    55193.5504231 9.05714648e+03 3.19430113e+00 1.70013906e+04 6.04356956e+00
    55193.5708563           -Inf           -Inf           -Inf           -Inf
    55193.5912895 9.40795703e+03 3.23052335e+00 1.76378145e+04 6.11176777e+00
    55193.6117227 9.40419238e+03 3.23025084e+00 1.76677578e+04 6.11209106e+00
    55193.6321560 9.32250879e+03 3.22019148e+00 1.74719512e+04 6.09301805e+00
    55193.6525892 8.75637109e+03 3.16159081e+00 1.64172109e+04 5.98274469e+00
    55193.6730224 8.65981348e+03 3.15184832e+00 1.62399951e+04 5.96141720e+00
    55193.6934557 9.33845410e+03 3.22169805e+00 1.75090332e+04 6.09585428e+00
    55193.7138890 9.43339160e+03 3.23309135e+00 1.76944199e+04 6.11737299e+00
    55193.7343222 9.47418262e+03 3.23693967e+00 1.78095605e+04 6.12285137e+00
    55193.7547554 9.40668945e+03 3.23040533e+00 1.76308516e+04 6.11143541e+00
    55193.7751887 9.16589941e+03 3.20488977e+00 1.72054414e+04 6.06242514e+00
    55193.7956219 8.08777734e+03 3.09139538e+00 1.51540010e+04 5.84977770e+00
    55193.8160550 9.17968945e+03 3.20619369e+00 1.71807461e+04 6.06566763e+00
    55193.8364884 9.36361523e+03 3.22628975e+00 1.76126914e+04 6.10738134e+00
    55193.8569216 9.41307422e+03 3.23108625e+00 1.76549180e+04 6.11366987e+00
    55193.8773548 9.40332520e+03 3.23017669e+00 1.76291230e+04 6.11039543e+00
    55193.8977881 9.33091895e+03 3.22104788e+00 1.75275020e+04 6.09587574e+00
    55193.9182213 8.57376270e+03 3.14336562e+00 1.60737764e+04 5.94753361e+00
    55193.9386545 8.86171777e+03 3.17208505e+00 1.65912383e+04 6.00059748e+00
    55193.9590878 9.35915430e+03 3.22589970e+00 1.76074922e+04 6.10619879e+00
    55193.9795211 9.46130957e+03 3.23589182e+00 1.77536777e+04 6.12404823e+00
    55193.9999542 9.47280566e+03 3.23693943e+00 1.77450312e+04 6.12455416e+00
    55194.0203875 9.38318652e+03 3.22821474e+00 1.76482090e+04 6.10693932e+00
    55194.0408207 9.01177441e+03 3.18984962e+00 1.68863242e+04 6.03531075e+00
    55194.0612539 8.16606348e+03 3.10228419e+00 1.52974082e+04 5.87042189e+00
    55194.0816872 9.25109766e+03 3.21351171e+00 1.73915098e+04 6.08242655e+00
    55194.1021205 9.35936621e+03 3.22600389e+00 1.75556152e+04 6.10547113e+00
    55194.1225536 9.40377930e+03 3.23028088e+00 1.76547754e+04 6.11428976e+00
    55194.1429869 9.37671484e+03 3.22762179e+00 1.76154180e+04 6.10566330e+00
    55194.1634202 9.29128809e+03 3.21718717e+00 1.74222246e+04 6.08703613e+00
    55194.1838534 8.40065625e+03 3.12614870e+00 1.57815576e+04 5.91539526e+00
    55194.2042866 9.03332910e+03 3.19199181e+00 1.69588203e+04 6.03744078e+00
    55194.2247199 9.36888379e+03 3.22689676e+00 1.75588320e+04 6.10486126e+00
    55194.2451531 9.45703613e+03 3.23537064e+00 1.77805625e+04 6.12071657e+00
    55194.2655863 9.45511035e+03 3.23530722e+00 1.77594414e+04 6.12262869e+00
    55194.2860197 9.36810645e+03 3.22677565e+00 1.75716211e+04 6.10838223e+00
    55194.3064528 8.78753320e+03 3.16469455e+00 1.65158926e+04 5.98841190e+00
    55194.3268860 8.35728223e+03 3.12171459e+00 1.56625361e+04 5.90682411e+00
    55194.3473193 9.27484180e+03 3.21568656e+00 1.74217520e+04 6.08675385e+00
    55194.3677525           -Inf           -Inf           -Inf           -Inf
    55194.3881858 9.41809277e+03 3.23168945e+00 1.76908223e+04 6.11638451e+00
    55194.4086190 9.36483789e+03 3.22668791e+00 1.75594941e+04 6.10908747e+00
    55194.4290524 9.23185840e+03 3.21145868e+00 1.73609824e+04 6.07499075e+00
    55194.4494855 8.31765918e+03 3.11772299e+00 1.55881396e+04 5.90019798e+00
    55194.4699188 9.16873438e+03 3.20518661e+00 1.72221406e+04 6.06424904e+00
    55194.4903521 9.38353613e+03 3.22843456e+00 1.76465312e+04 6.10526276e+00
    55194.5107852 9.46126074e+03 3.23601794e+00 1.77394395e+04 6.12231731e+00
    55194.5312185 9.44889453e+03 3.23464012e+00 1.77717734e+04 6.12305641e+00
    55194.5516518 9.33996973e+03 3.22413850e+00 1.75548574e+04 6.09859562e+00
    55194.5720850 8.54390332e+03 3.14044333e+00 1.60133271e+04 5.94381809e+00
    55194.5925182 8.59442285e+03 3.14569831e+00 1.61536650e+04 5.95285749e+00
    55194.6129515 9.29508203e+03 3.21970510e+00 1.74862637e+04 6.09260368e+00
    55194.6333847 9.38153418e+03 3.22817945e+00 1.76001484e+04 6.10576391e+00
    55194.6538180 9.40455469e+03 3.23037434e+00 1.76968887e+04 6.11164331e+00
    55194.6742512 9.34811328e+03 3.22499776e+00 1.75516582e+04 6.10015154e+00
    55194.6946845 9.14566992e+03 3.20317841e+00 1.71739766e+04 6.05453300e+00
    55194.7151177 8.34122266e+03 3.12007189e+00 1.56782686e+04 5.90799284e+00
    55194.7355509 9.26062988e+03 3.21428013e+00 1.73961836e+04 6.08280468e+00
    55194.7559842 9.40663281e+03 3.23069715e+00 1.76623496e+04 6.10873365e+00
    55194.7764174 9.46939062e+03 3.23665142e+00 1.78439746e+04 6.12268639e+00
    55194.7968507 9.43625098e+03 3.23351526e+00 1.77048438e+04 6.11591291e+00
    55194.8172839 9.32541797e+03 3.22264600e+00 1.75007715e+04 6.09811735e+00
    55194.8377172 8.30375977e+03 3.11635756e+00 1.56233965e+04 5.89657688e+00
    55194.8581504 8.83474414e+03 3.16952920e+00 1.65800996e+04 5.99842358e+00
    55194.8785836 9.32957910e+03 3.22311115e+00 1.75450488e+04 6.10085726e+00
    55194.8990169 9.39605566e+03 3.22962499e+00 1.76652344e+04 6.10999393e+00
    55194.9194501 9.39909570e+03 3.22989964e+00 1.76472969e+04 6.10920048e+00
    55194.9398833 9.33752734e+03 3.22395587e+00 1.75714805e+04 6.10119534e+00
    55194.9603167 9.01707715e+03 3.19555688e+00 1.69507910e+04 6.04544735e+00
    55194.9807499 8.45340430e+03 3.13142109e+00 1.58237119e+04 5.92604113e+00
    55195.0011831 9.30901855e+03 3.22115517e+00 1.75295664e+04 6.09023762e+00
    55195.0216164 9.41889355e+03 3.23193955e+00 1.77227930e+04 6.11500692e+00
    55195.0420497 9.47845508e+03 3.23764181e+00 1.77954570e+04 6.12532425e+00
    55195.0624828 9.41833496e+03 3.23173189e+00 1.77290820e+04 6.11483288e+00
    55195.0829161 9.29382617e+03 3.21967340e+00 1.74873730e+04 6.09030485e+00
    55195.1033494 8.13201660e+03 3.09609079e+00 1.52319346e+04 5.85709095e+00
    55195.1237826 9.02030371e+03 3.19085431e+00 1.69996738e+04 6.02798462e+00
    55195.1442158 9.33568066e+03 3.22379303e+00 1.75245176e+04 6.09745455e+00
    55195.1646492 9.40887695e+03 3.23090100e+00 1.76636855e+04 6.11395025e+00
    55195.1850823 9.43427930e+03 3.23342586e+00 1.77805488e+04 6.11228275e+00
    55195.2055156 9.33948340e+03 3.22411847e+00 1.75414746e+04 6.10297728e+00
    55195.2259489 8.79842285e+03 3.16604424e+00 1.65289727e+04 5.99246454e+00
    55195.2463821 8.62826172e+03 3.14900208e+00 1.62370996e+04 5.95175982e+00
    55195.2668153 9.33404980e+03 3.22366810e+00 1.75355117e+04 6.09917784e+00
    55195.2872487 9.43120703e+03 3.23310041e+00 1.77109668e+04 6.11615992e+00
    55195.3076819 9.47266406e+03 3.23710370e+00 1.78423145e+04 6.12571144e+00
    55195.3281151 9.40968945e+03 3.23101091e+00 1.76609121e+04 6.11740303e+00
    55195.3485483 9.20959668e+03 3.20945668e+00 1.73266699e+04 6.07165718e+00
    55195.3689817 8.09516797e+03 3.09230971e+00 1.52489375e+04 5.84927654e+00
    55195.3894148 9.16538672e+03 3.20504308e+00 1.71800430e+04 6.06536913e+00
    55195.4098481 9.33587305e+03 3.22374773e+00 1.75724219e+04 6.10051203e+00
    55195.4302815 9.41010645e+03 3.23101115e+00 1.77056523e+04 6.11522818e+00
    55195.4507146 9.39391699e+03 3.22955298e+00 1.76352051e+04 6.10865068e+00
    55195.4711479 9.31207129e+03 3.22153521e+00 1.75489238e+04 6.09938288e+00
    55195.4915812 8.60421777e+03 3.14656329e+00 1.61556895e+04 5.95521975e+00
    55195.5120144 8.82569336e+03 3.16890001e+00 1.65778770e+04 5.99897099e+00
    55195.5324476 9.35862988e+03 3.22606635e+00 1.76166602e+04 6.10402918e+00
    55195.5528810 9.44473340e+03 3.23454714e+00 1.77650645e+04 6.12039948e+00
    55195.5733141 9.46880469e+03 3.23673558e+00 1.77877168e+04 6.12771416e+00
    55195.5937474 9.38185352e+03 3.22839999e+00 1.76650625e+04 6.11084032e+00
    55195.6141806 9.04198340e+03 3.19301748e+00 1.70035371e+04 6.04244661e+00
    55195.6346139 8.14849414e+03 3.09797812e+00 1.52831006e+04 5.86274958e+00
    55195.6550472 9.23592871e+03 3.21411347e+00 1.74188945e+04 6.08010769e+00
    55195.6754804 9.35263477e+03 3.22548437e+00 1.75580137e+04 6.10496378e+00
    55195.6959137 9.41754883e+03 3.23186398e+00 1.77167207e+04 6.11943913e+00
    55195.7163469 9.38656152e+03 3.22878599e+00 1.76777910e+04 6.11160564e+00
    55195.7367801 9.29286816e+03 3.21968079e+00 1.74425156e+04 6.09450531e+00
    55195.7572134 8.42727637e+03 3.12932444e+00 1.58647334e+04 5.92046261e+00
    55195.7776467 9.01465625e+03 3.19038820e+00 1.69725137e+04 6.03869200e+00
    55195.7980798 9.37623926e+03 3.22786427e+00 1.75900879e+04 6.11024427e+00
    55195.8185132 9.48247656e+03 3.23811674e+00 1.78661973e+04 6.12852049e+00
    55195.8389465 9.47324219e+03 3.23730397e+00 1.78313379e+04 6.12728214e+00
    55195.8593797 9.37107910e+03 3.22747612e+00 1.76110879e+04 6.11016321e+00
    55195.8798129 8.82570801e+03 3.16881227e+00 1.66151230e+04 5.99894619e+00
    55195.9002462 8.31809277e+03 3.11798072e+00 1.56213994e+04 5.90176058e+00
    55195.9206795 9.26699316e+03 3.21728635e+00 1.74124551e+04 6.08991480e+00
    55195.9411127 9.36680469e+03 3.22698331e+00 1.76680859e+04 6.10797596e+00
    55195.9615460 9.40822656e+03 3.23095775e+00 1.76726855e+04 6.11619425e+00
    55195.9819793 9.37066211e+03 3.22734380e+00 1.76142559e+04 6.10790920e+00
    55196.0024124 9.30250879e+03 3.22065163e+00 1.75505234e+04 6.09485245e+00
    55196.0228458 8.34304688e+03 3.12043452e+00 1.56418643e+04 5.90437269e+00
    55196.0432791 9.15998730e+03 3.20686150e+00 1.72331133e+04 6.07032585e+00
    55196.0637122 9.38223047e+03 3.22852755e+00 1.76789453e+04 6.10646391e+00
    55196.0841455 9.46551465e+03 3.23645091e+00 1.77704512e+04 6.12423992e+00
    55196.1045788 9.45279297e+03 3.23523259e+00 1.78018535e+04 6.12218618e+00
    55196.1250120 9.37619141e+03 3.22786784e+00 1.76849160e+04 6.10178900e+00
    55196.1454453 8.57851172e+03 3.14420342e+00 1.60926348e+04 5.94724321e+00
    55196.1658786 8.54917773e+03 3.14124823e+00 1.60977139e+04 5.94713354e+00
    55196.1863119 9.28363770e+03 3.21889520e+00 1.74750859e+04 6.09157753e+00
    55196.2067450 9.37404102e+03 3.22773528e+00 1.76077461e+04 6.10538101e+00
    55196.2271784 9.40588574e+03 3.23086405e+00 1.77318535e+04 6.11437464e+00
    55196.2476117 9.35479395e+03 3.22581196e+00 1.76210781e+04 6.10110283e+00
    55196.2680448 9.13869336e+03 3.20484185e+00 1.71487871e+04 6.06055117e+00
    55196.2884782 8.32217578e+03 3.11847544e+00 1.56759287e+04 5.90036583e+00
    55196.3089114 9.25990234e+03 3.21660352e+00 1.74281406e+04 6.08660316e+00
    55196.3293446 9.39550781e+03 3.22988343e+00 1.76557910e+04 6.11271095e+00
    55196.3497779 9.46962500e+03 3.23695445e+00 1.78651406e+04 6.12625217e+00
    55196.3702112 9.43189551e+03 3.23333764e+00 1.77441191e+04 6.11994886e+00
    55196.3906444 9.32266309e+03 3.22269416e+00 1.75220781e+04 6.09869003e+00
    55196.4110777 8.33519727e+03 3.11985874e+00 1.57064805e+04 5.90148115e+00
    55196.4315110 8.78524609e+03 3.16496730e+00 1.65226270e+04 5.98880768e+00
    55196.4519442 9.29850977e+03 3.22039247e+00 1.74928535e+04 6.09293127e+00
    55196.4723775 9.37930664e+03 3.22827411e+00 1.76695566e+04 6.10892725e+00
    55196.4928108 9.40414453e+03 3.23069406e+00 1.76922793e+04 6.11479712e+00
    55196.5132440 9.33558203e+03 3.22399879e+00 1.75814844e+04 6.09710932e+00
    55196.5336772 9.00873828e+03 3.18995023e+00 1.69731660e+04 6.03686333e+00
    55196.5541106 8.42574023e+03 3.12904930e+00 1.58122012e+04 5.92204142e+00
    55196.5745438 9.31077246e+03 3.22151089e+00 1.75633828e+04 6.09271717e+00
    55196.5949770 9.41848340e+03 3.23235250e+00 1.77276152e+04 6.11971617e+00
    55196.6154102 9.46105566e+03 3.23635530e+00 1.77862441e+04 6.12357616e+00
    55196.6358436 9.42416992e+03 3.23264432e+00 1.77972012e+04 6.10913563e+00
    55196.6562768 9.28850488e+03 3.21936226e+00 1.74918848e+04 6.09560919e+00
    55196.6767100 8.15387402e+03 3.09870625e+00 1.53003916e+04 5.86525202e+00
    55196.6971434 8.99270801e+03 3.18548703e+00 1.69561504e+04 6.02737188e+00
    55196.7175766 9.31860059e+03 3.22236443e+00 1.75452832e+04 6.09539413e+00
    55196.7380099 9.39882129e+03 3.23018146e+00 1.77053301e+04 6.10852528e+00
    55196.7584432 9.40240137e+03 3.23057747e+00 1.77177891e+04 6.11564255e+00
    55196.7788764 9.32807129e+03 3.22339225e+00 1.75759941e+04 6.10177040e+00
    55196.7993097 8.81176074e+03 3.16772366e+00 1.65501582e+04 5.99582481e+00
    55196.8197430 8.59141113e+03 3.14562988e+00 1.62156104e+04 5.94817305e+00
    55196.8401762 9.34284277e+03 3.22481847e+00 1.75729961e+04 6.09680653e+00
    55196.8606095 9.42843262e+03 3.23308492e+00 1.77655488e+04 6.11063623e+00
    55196.8810427 9.46933691e+03 3.23708773e+00 1.78678555e+04 6.12358999e+00
    55196.9014760 9.40479883e+03 3.23085070e+00 1.76925078e+04 6.11515188e+00
    55196.9219093 9.20961328e+03 3.21183228e+00 1.73415996e+04 6.07726336e+00
    55196.9423425 8.07437646e+03 3.09056187e+00 1.52256895e+04 5.84681177e+00
    55196.9627758 9.15646289e+03 3.21164346e+00 1.72171152e+04 6.07449389e+00
    55196.9832091 9.33456250e+03 3.22404838e+00 1.75991367e+04 6.09841681e+00
    55197.0036424 9.39638574e+03 3.23008704e+00 1.77284629e+04 6.10546255e+00
    55197.0240757 9.39208887e+03 3.22953820e+00 1.76488770e+04 6.11106682e+00
    55197.0445089 9.30808105e+03 3.22141790e+00 1.75536895e+04 6.09558630e+00
    55197.0649422 8.62630957e+03 3.14917135e+00 1.62801650e+04 5.95752430e+00
    55197.0853755 8.78816797e+03 3.16540504e+00 1.65167207e+04 5.99279928e+00
    55197.1058087 9.35110742e+03 3.22564006e+00 1.76387695e+04 6.10307503e+00
    55197.1262420 9.44755566e+03 3.23491836e+00 1.78063203e+04 6.11883497e+00
    55197.1466752 9.45896582e+03 3.23606682e+00 1.77934160e+04 6.12493324e+00
    55197.1671085 9.38568945e+03 3.22895527e+00 1.77065996e+04 6.11137247e+00
    55197.1875418 9.05999805e+03 3.19710350e+00 1.70800000e+04 6.04351664e+00
    55197.2079750 8.12200049e+03 3.09551334e+00 1.52786875e+04 5.85788393e+00
    55197.2284084 9.23636621e+03 3.21450424e+00 1.74397148e+04 6.07632351e+00
    55197.2488416 9.35861133e+03 3.22641683e+00 1.76128105e+04 6.09926748e+00
    55197.2692748 9.40764551e+03 3.23115110e+00 1.77402109e+04 6.11150932e+00
    55197.2897082 9.38025098e+03 3.22842383e+00 1.76916641e+04 6.10741282e+00
    55197.3101414 9.30116504e+03 3.22074509e+00 1.75228613e+04 6.08998585e+00
    55197.3305746 8.46382715e+03 3.13295650e+00 1.59703223e+04 5.93066788e+00
    55197.3510079           -Inf           -Inf           -Inf           -Inf
    55197.3714413 9.36615234e+03 3.22713494e+00 1.76253379e+04 6.10375595e+00
    55197.3918744 9.45878809e+03 3.23617053e+00 1.78672246e+04 6.12110662e+00
    55197.4123077 9.48901660e+03 3.23899770e+00 1.79082324e+04 6.12743568e+00
    55197.4327411 9.40455566e+03 3.23082280e+00 1.76923027e+04 6.10696554e+00
    55197.4531743 8.87041699e+03 3.17346811e+00 1.67242812e+04 5.99904728e+00
    55197.4736075 8.29583594e+03 3.11603355e+00 1.56561641e+04 5.89655066e+00
    55197.4940409 9.27110156e+03 3.21786618e+00 1.74346602e+04 6.08948708e+00
    55197.5144741 9.36375098e+03 3.22684145e+00 1.77002520e+04 6.09901142e+00
    55197.5349074 9.40519141e+03 3.23082137e+00 1.77444160e+04 6.10907269e+00
    55197.5553407 9.36774023e+03 3.22725725e+00 1.76256992e+04 6.10144901e+00
    55197.5757739 9.23900879e+03 3.21467757e+00 1.74621230e+04 6.07958174e+00
    55197.5962072 8.33673828e+03 3.12011385e+00 1.57004658e+04 5.90151691e+00
    55197.6166405 9.13735449e+03 3.20478606e+00 1.72108770e+04 6.06270599e+00
    55197.6370737 9.38813086e+03 3.22928166e+00 1.77419941e+04 6.09744167e+00
    55197.6575070 9.46435938e+03 3.23667645e+00 1.78434688e+04 6.12392998e+00
    55197.6779403 9.44575195e+03 3.23498321e+00 1.77927402e+04 6.11648607e+00
    55197.6983736 9.34801270e+03 3.22530651e+00 1.76514004e+04 6.09388161e+00
    55197.7188068 8.62141113e+03 3.14866066e+00 1.62265322e+04 5.95292664e+00
    55197.7392401 8.50011426e+03 3.13663197e+00 1.59993027e+04 5.93406916e+00
    55197.7596735 9.27692285e+03 3.21849394e+00 1.75338066e+04 6.08349800e+00
    55197.7801067 9.36903125e+03 3.22745156e+00 1.76327910e+04 6.10211468e+00
    55197.8005399 9.39890332e+03 3.23032618e+00 1.77512598e+04 6.11001587e+00
    55197.8209733 9.34411133e+03 3.22509432e+00 1.76741387e+04 6.08997202e+00
    55197.8414065 9.15570312e+03 3.20675015e+00 1.72490996e+04 6.06550598e+00
    55197.8618398 8.32248828e+03 3.11881638e+00 1.57275234e+04 5.89786625e+00
    55197.8822731 9.23248828e+03 3.21421552e+00 1.74355000e+04 6.08077621e+00
    55197.9027063 9.38811914e+03 3.22933149e+00 1.76870352e+04 6.10540247e+00
    55197.9231396 9.45903906e+03 3.23625135e+00 1.78724473e+04 6.12004328e+00
    55197.9435729 9.43471191e+03 3.23388219e+00 1.77838086e+04 6.11847019e+00
    55197.9640062 9.31870508e+03 3.22264481e+00 1.75360488e+04 6.09789944e+00
    55197.9844394 8.36843848e+03 3.12352777e+00 1.57475928e+04 5.90771055e+00
    55198.0048727 8.74682422e+03 3.16141319e+00 1.64533379e+04 5.98125792e+00
    55198.0253061 9.29112012e+03 3.22002554e+00 1.75017266e+04 6.09021950e+00
    55198.0457393 9.38727051e+03 3.22941208e+00 1.77451582e+04 6.10384083e+00
    55198.0661726 9.40190527e+03 3.23080397e+00 1.77774844e+04 6.11190224e+00
    55198.0866059 9.33783203e+03 3.22458386e+00 1.76815703e+04 6.10096741e+00
    55198.1070391 9.03015527e+03 3.19165754e+00 1.71811816e+04 6.03713417e+00
    55198.1274724 8.40903223e+03 3.12763691e+00 1.59183447e+04 5.91637421e+00
    55198.1479056 9.29734375e+03 3.22072077e+00 1.75190859e+04 6.09377527e+00
    55198.1683390 9.41868750e+03 3.23244953e+00 1.77264062e+04 6.11574602e+00
    55198.1887723 9.47533594e+03 3.23796678e+00 1.78341562e+04 6.12694836e+00
    55198.2092055 9.42602930e+03 3.23316884e+00 1.77884004e+04 6.12007189e+00
    55198.2296388 9.29459863e+03 3.22046232e+00 1.74612500e+04 6.09325027e+00
    55198.2500721 8.17762451e+03 3.10153985e+00 1.51838477e+04 5.86822605e+00
    55198.2705053 8.96524707e+03 3.18529773e+00 1.70119824e+04 6.02503920e+00
    55198.2909387 9.30816016e+03 3.22178841e+00 1.77036875e+04 6.09612226e+00
    55198.3113719 9.39323535e+03 3.23003674e+00 1.77258027e+04 6.11265850e+00
    55198.3318051 9.38918457e+03 3.22959328e+00 1.77156445e+04 6.10963011e+00
    55198.3522385 9.30062891e+03 3.22370982e+00 1.32579961e+04 6.10007763e+00
    55198.3726718 8.85226953e+03 3.17216539e+00 1.71539590e+04 6.00391531e+00
    55198.3931050 8.55570117e+03 3.14235044e+00 1.64806055e+04 5.94513130e+00
    55198.4135383 9.31800391e+03 3.22258162e+00 1.72868418e+04 6.10026979e+00
    55198.4339716 9.43629102e+03 3.23409748e+00 1.76927617e+04 6.12202406e+00
    55198.4544048 9.46786035e+03 3.23717737e+00 1.79966855e+04 6.12311411e+00
    55198.4748381 9.40396191e+03 3.23091936e+00 1.77465879e+04 6.11458635e+00
    55198.4952715 9.22143555e+03 3.21324253e+00 1.74354160e+04 6.08162165e+00
    55198.5157047 8.08552002e+03 3.09202862e+00 1.53352246e+04 5.85083294e+00
    55198.5361380 9.11763574e+03 3.20312357e+00 1.71995059e+04 6.06182575e+00
    55198.5565713 9.32728223e+03 3.22347474e+00 1.76028398e+04 6.10168123e+00
    55198.5770046 9.40079688e+03 3.23075199e+00 1.77525859e+04 6.11432838e+00
    55198.5974378 9.39733105e+03 3.23049712e+00 1.76395156e+04 6.11466932e+00
    55198.6178711 9.30389062e+03 3.22138739e+00 1.75120762e+04 6.09598827e+00
    55198.6383045 8.65153516e+03 3.15196252e+00 1.63223213e+04 5.96548939e+00
    55198.6587377 8.75133301e+03 3.16191649e+00 1.64717383e+04 5.98464060e+00
    55198.6791710 9.33781445e+03 3.22467446e+00 1.76723438e+04 6.10268736e+00
    55198.6996043 9.43947168e+03 3.23443246e+00 1.78484512e+04 6.12398863e+00
    55198.7200375 9.46207715e+03 3.23676395e+00 1.78564512e+04 6.12471676e+00
    55198.7404708 9.38329785e+03 3.22904158e+00 1.77461445e+04 6.11250782e+00
    55198.7609042 9.09248438e+03 3.20071006e+00 1.71680566e+04 6.05806303e+00
    55198.7813374 8.10940771e+03 3.09457731e+00 1.53109395e+04 5.85469294e+00
    55198.8017707 9.21122852e+03 3.21232557e+00 1.74151602e+04 6.07990503e+00
    55198.8222041 9.33275977e+03 3.22407389e+00 1.76136562e+04 6.10213900e+00
    55198.8426373 9.40239062e+03 3.23087025e+00 1.77237754e+04 6.11522579e+00
    55198.8630705 9.37805176e+03 3.22851110e+00 1.77157051e+04 6.10980654e+00
    55198.8835038 9.30386328e+03 3.22129583e+00 1.75449453e+04 6.09727573e+00
    55198.9039372 8.46574121e+03 3.13348007e+00 1.59343125e+04 5.93211269e+00
    55198.9243704 8.94975977e+03 3.18371725e+00 1.69253770e+04 6.02495050e+00
    55198.9448037 9.35602539e+03 3.22633886e+00 1.76207090e+04 6.10230303e+00
    55198.9652371 9.45034766e+03 3.23566008e+00 1.78312012e+04 6.12149239e+00
    55198.9856703 9.45529590e+03 3.23609662e+00 1.78776465e+04 6.12288904e+00
    55199.0061036 9.39677344e+03 3.23052812e+00 1.77282266e+04 6.11569500e+00
    55199.0265369 8.91908594e+03 3.18080378e+00 1.68528926e+04 6.01855516e+00
    55199.0469701 8.25268848e+03 3.10915112e+00 1.55897422e+04 5.88474560e+00
    55199.0674034 9.26310938e+03 3.21742153e+00 1.74329727e+04 6.08871365e+00
    55199.0878367 9.36783691e+03 3.22767687e+00 1.77473027e+04 6.10729933e+00
    55199.1082700 9.40400098e+03 3.23116374e+00 1.77670332e+04 6.11358833e+00
    55199.1287033 9.35850293e+03 3.22692370e+00 1.76489395e+04 6.10538387e+00
    55199.1491365 9.25384277e+03 3.21655703e+00 1.75063672e+04 6.08599186e+00
    55199.1695699 8.33465430e+03 3.12041664e+00 1.56888330e+04 5.90351343e+00
    55199.1900032 9.11529395e+03 3.20323443e+00 1.71806543e+04 6.06227112e+00
    55199.2104364 9.37937402e+03 3.22888851e+00 1.77564238e+04 6.10940790e+00
    55199.2308698 9.51457910e+03 3.25213981e+00 1.79439844e+04 6.15142393e+00
    55199.2513031 9.48426367e+03 3.24245238e+00 1.79046055e+04 6.13624954e+00
    55199.2717363 9.37429688e+03 3.22849560e+00 1.77540117e+04 6.10602188e+00
    55199.2921696 8.67917676e+03 3.15495110e+00 1.63700645e+04 5.97215271e+00
    55199.3126029 8.47525391e+03 3.13459492e+00 1.59870264e+04 5.93081236e+00
    55199.3330361 9.28092188e+03 3.21926737e+00 1.75590215e+04 6.09216547e+00
    55199.3534695 9.36417188e+03 3.22739697e+00 1.76350391e+04 6.10452080e+00
    55199.3739028 9.40800586e+03 3.23163676e+00 1.77771152e+04 6.11334324e+00
    55199.3943360 9.36474707e+03 3.22740102e+00 1.77264062e+04 6.10704422e+00
    55199.4147693 9.19359961e+03 3.21072340e+00 1.73266992e+04 6.07326603e+00
    55199.4352027 8.34411426e+03 3.12135601e+00 1.57628691e+04 5.90442324e+00
    55199.4556360 9.24048730e+03 3.21535921e+00 1.74707793e+04 6.08268499e+00
    55199.4760692 9.40693555e+03 3.23148775e+00 1.77404551e+04 6.10798693e+00
    55199.4965026 9.47507324e+03 3.23823476e+00 1.79053008e+04 6.12642622e+00
    55199.5169359 9.43979980e+03 3.23478031e+00 1.78337578e+04 6.12021112e+00
    55199.5373691 9.32921875e+03 3.22400045e+00 1.76147266e+04 6.09891605e+00
    55199.5578025 8.41424316e+03 3.12840176e+00 1.59181318e+04 5.91759300e+00
    55199.5782358 8.71518066e+03 3.15853930e+00 1.64436074e+04 5.97514009e+00
    55199.5986690 9.29064062e+03 3.22010732e+00 1.75204004e+04 6.09127235e+00
    55199.6191023 9.37879980e+03 3.22886467e+00 1.77627031e+04 6.10760355e+00
    55199.6395356 9.39674414e+03 3.23055506e+00 1.77387520e+04 6.11057281e+00
    55199.6599688 9.33630371e+03 3.22455287e+00 1.76254375e+04 6.09830904e+00
    55199.6804021 9.04775586e+03 3.19350100e+00 1.71331348e+04 6.04094076e+00
    55199.7008355 8.37505371e+03 3.12447786e+00 1.57897959e+04 5.91188765e+00
    55199.7212687 9.29003516e+03 3.22016621e+00 1.75598711e+04 6.09212923e+00
    55199.7417020 9.41323730e+03 3.23212671e+00 1.78120371e+04 6.11316252e+00
    55199.7621354 9.47003711e+03 3.23763561e+00 1.78629727e+04 6.12530518e+00
    55199.7825687 9.41847559e+03 3.23266077e+00 1.78195371e+04 6.11526299e+00
    55199.8030019 9.29986426e+03 3.22104669e+00 1.76057227e+04 6.09432459e+00
    55199.8234353 8.18951221e+03 3.10281110e+00 1.54311484e+04 5.87109566e+00
    55199.8438686 8.93133789e+03 3.18208981e+00 1.68824531e+04 6.01759863e+00
    55199.8643018 9.30537891e+03 3.22156310e+00 1.76137520e+04 6.09643793e+00
    55199.8847351 9.39196191e+03 3.23014116e+00 1.77124785e+04 6.11015224e+00
    55199.9051684 9.39478809e+03 3.23032808e+00 1.77944785e+04 6.11030006e+00
    55199.9256017 9.32630371e+03 3.22368383e+00 1.76018555e+04 6.09709358e+00
    55199.9460350 8.88977539e+03 3.17807484e+00 1.67811074e+04 6.01084280e+00
    55199.9664683 8.55591992e+03 3.14263844e+00 1.62054980e+04 5.94300795e+00
    55199.9869016 9.32697852e+03 3.22376776e+00 1.76331094e+04 6.10161304e+00
    55200.0073349 9.41908301e+03 3.23282242e+00 1.77713184e+04 6.11579466e+00
    55200.0277682 9.46130078e+03 3.23694944e+00 1.79299844e+04 6.12636137e+00
    55200.0482015 9.40288770e+03 3.23112321e+00 1.77523184e+04 6.10949707e+00
    55200.0686348 9.22426367e+03 3.21372914e+00 1.74111602e+04 6.07785940e+00
    55200.0890681 8.08297949e+03 3.09196305e+00 1.53228135e+04 5.84695053e+00
    55200.1095014 9.08639648e+03 3.19742799e+00 1.71641172e+04 6.04749680e+00
    55200.1299347 9.32212109e+03 3.22339892e+00 1.76227246e+04 6.09745979e+00
    55200.1503679 9.38748633e+03 3.22967076e+00 1.77622793e+04 6.10929728e+00
    55200.1708013 9.38348145e+03 3.22925282e+00 1.76943145e+04 6.10903931e+00
    55200.1912346 9.30284473e+03 3.22141433e+00 1.76146992e+04 6.09692764e+00
    55200.2116678 8.67439160e+03 3.15454006e+00 1.64327188e+04 5.96836758e+00
    55200.2321012 8.72085449e+03 3.15898681e+00 1.64531387e+04 5.97225094e+00
    55200.2525345 9.32980664e+03 3.22398591e+00 1.76532500e+04 6.09556866e+00
    55200.2729677 9.43124512e+03 3.23388290e+00 1.78503027e+04 6.11959314e+00
    55200.2934011 9.46026172e+03 3.23675942e+00 1.78403379e+04 6.12214375e+00
    55200.3138344 9.38570312e+03 3.22955441e+00 1.77848750e+04 6.10845947e+00
    55200.3342677           -Inf           -Inf           -Inf           -Inf
    55200.3547010 8.09694922e+03 3.09337521e+00 1.52881836e+04 5.84896564e+00
    55200.3751343 9.20156152e+03 3.21152258e+00 1.74246289e+04 6.07540464e+00
    55200.3955677 9.33637109e+03 3.22469831e+00 1.76669180e+04 6.09575844e+00
    55200.4160009 9.39936426e+03 3.23086882e+00 1.77711562e+04 6.10957909e+00
    55200.4364343 9.37666992e+03 3.22863030e+00 1.77572598e+04 6.10732651e+00
    55200.4568676 9.29501270e+03 3.22067165e+00 1.75636523e+04 6.09272099e+00
    55200.4773008 8.49648926e+03 3.13672185e+00 1.60571494e+04 5.93430090e+00
    55200.4977342 8.92067480e+03 3.18095756e+00 1.69220781e+04 6.01810169e+00
    55200.5181675 9.34667480e+03 3.22574544e+00 1.76477695e+04 6.10341740e+00
    55200.5386007 9.44083301e+03 3.23489308e+00 1.78662578e+04 6.11851931e+00
    55200.5590341 9.44981738e+03 3.23562503e+00 1.78950020e+04 6.11925650e+00
    55200.5794674 9.36988867e+03 3.22797227e+00 1.77142969e+04 6.10893869e+00
    55200.5999006 8.92514746e+03 3.18155503e+00 1.68915840e+04 6.01931047e+00
    55200.6203340 8.21328711e+03 3.10535741e+00 1.55545205e+04 5.87480402e+00
    55200.6407673 9.25646484e+03 3.21692348e+00 1.74680996e+04 6.08579540e+00
    55200.6612006 9.34597559e+03 3.22561479e+00 1.76973105e+04 6.10179043e+00
    55200.6816338 9.40371973e+03 3.23126721e+00 1.78201484e+04 6.11285067e+00
    55200.7020672 9.36398340e+03 3.22733974e+00 1.76914668e+04 6.10540009e+00
    55200.7225004 9.25689551e+03 3.21701860e+00 1.75404766e+04 6.08736181e+00
    55200.7429338 8.35686523e+03 3.12264729e+00 1.58028184e+04 5.90723419e+00
    55200.7633672 9.10038867e+03 3.19870973e+00 1.71898184e+04 6.05054045e+00
    55200.7838005 9.37618555e+03 3.22857094e+00 1.77835410e+04 6.10791874e+00
    55200.8042337 9.45385547e+03 3.23614407e+00 1.78854980e+04 6.11947393e+00
    55200.8246671 9.45216406e+03 3.23593473e+00 1.78817617e+04 6.11800861e+00
    55200.8451003 9.35708496e+03 3.22671819e+00 1.77260957e+04 6.10640049e+00
    55200.8655336 8.69108398e+03 3.15836716e+00 1.64401387e+04 5.97735119e+00
    55200.8859669 8.43201270e+03 3.13020253e+00 1.59583125e+04 5.92449808e+00
    55200.9064002 9.27743262e+03 3.21894860e+00 1.75796348e+04 6.09035587e+00
    55200.9268335 9.37049121e+03 3.22805548e+00 1.77204453e+04 6.10465336e+00
    55200.9472668 9.40110059e+03 3.23097777e+00 1.77706211e+04 6.10883808e+00
    55200.9677001 9.34386719e+03 3.22550011e+00 1.77316738e+04 6.10214090e+00
    55200.9881335 9.21213770e+03 3.21257138e+00 1.74022539e+04 6.07795763e+00
    55201.0085668 8.30987891e+03 3.11499310e+00 1.57335947e+04 5.89365768e+00
    55201.0290002 9.19712695e+03 3.21123075e+00 1.74225254e+04 6.07513428e+00
    55201.0494334 9.38053223e+03 3.22914243e+00 1.77139219e+04 6.11015892e+00
    55201.0698667 9.46405566e+03 3.23708892e+00 1.79593164e+04 6.12455225e+00
    55201.0903001 9.42934082e+03 3.23378348e+00 1.78454180e+04 6.11826420e+00
    55201.1107333 9.33306934e+03 3.22445440e+00 1.76425000e+04 6.10204649e+00
    55201.1311666 8.44083105e+03 3.13126135e+00 1.59965049e+04 5.92455912e+00
    55201.1515999 8.66607812e+03 3.15480280e+00 1.64069199e+04 5.96853352e+00
    55201.1720333 9.28752734e+03 3.21998358e+00 1.75397480e+04 6.08842373e+00
    55201.1924666 9.37334570e+03 3.22836566e+00 1.77800879e+04 6.10245132e+00
    55201.2128999 9.39927344e+03 3.23087239e+00 1.77805273e+04 6.11036253e+00
    55201.2333332 9.36536035e+03 3.22754622e+00 1.77013418e+04 6.10041809e+00
    55201.2537665 9.09995117e+03 3.19872880e+00 1.72752812e+04 6.05319452e+00
    55201.2741998 8.41291992e+03 3.12825060e+00 1.59050693e+04 5.92093420e+00
    55201.2946332 9.28124414e+03 3.21951437e+00 1.75502012e+04 6.08695221e+00
    55201.3150664 9.40510156e+03 3.23145771e+00 1.78491484e+04 6.10913372e+00
    55201.3354998 9.46819531e+03 3.23761940e+00 1.79002070e+04 6.12226200e+00
    55201.3559332 9.42864844e+03 3.23376608e+00 1.78298672e+04 6.11766958e+00
    55201.3763664 9.31014941e+03 3.22224593e+00 1.76580996e+04 6.09329844e+00
    55201.3967997 8.22991602e+03 3.10707164e+00 1.55646309e+04 5.87571716e+00
    55201.4172329 8.89952246e+03 3.17901421e+00 1.68662168e+04 6.01301622e+00
    55201.4376663 9.29766406e+03 3.22107768e+00 1.75892793e+04 6.08932209e+00
    55201.4580996 9.38448633e+03 3.22950554e+00 1.77439863e+04 6.10640287e+00
    55201.4785329 9.38609766e+03 3.22960377e+00 1.77742520e+04 6.11286926e+00
    55201.4989663 9.31802051e+03 3.22291732e+00 1.76616602e+04 6.09702396e+00
    55201.5193996 8.90217578e+03 3.17936587e+00 1.68399004e+04 6.01583099e+00
    55201.5398329 8.49666602e+03 3.13678527e+00 1.60910576e+04 5.93197346e+00
    55201.5602662 9.31442285e+03 3.22272754e+00 1.76322715e+04 6.09725237e+00
    55201.5806995 9.41028320e+03 3.23220539e+00 1.77874121e+04 6.11448479e+00
    55201.6011328 9.46283008e+03 3.23710489e+00 1.79536758e+04 6.12558460e+00
    55201.6215662 9.41108984e+03 3.23209763e+00 1.78253672e+04 6.11455250e+00
    55201.6419995 9.24519043e+03 3.21600842e+00 1.74634336e+04 6.07902956e+00
    55201.6624328 8.09224268e+03 3.09304786e+00 1.53645537e+04 5.85017109e+00
    55201.6828660 9.06901562e+03 3.19574690e+00 1.71694727e+04 6.04384279e+00
    55201.7032994 9.31515039e+03 3.22277689e+00 1.76173613e+04 6.09153652e+00
    55201.7237327 9.39367285e+03 3.23041129e+00 1.78125020e+04 6.10815668e+00
    55201.7441660 9.38848047e+03 3.22991896e+00 1.77572285e+04 6.10435009e+00
    55201.7645994 9.30148926e+03 3.22141290e+00 1.76047383e+04 6.09036636e+00
    55201.7850326 8.70932715e+03 3.16024208e+00 1.65262461e+04 5.97331381e+00
    55201.8054659 8.69033594e+03 3.15825748e+00 1.64499043e+04 5.97292852e+00
    55201.8258994 9.32983789e+03 3.22421312e+00 1.76425977e+04 6.09978104e+00
    55201.8463326 9.43072852e+03 3.23401999e+00 1.78794023e+04 6.11322975e+00
    55201.8667659 9.46272559e+03 3.23708582e+00 1.78761094e+04 6.11728048e+00
    55201.8871992 9.39003809e+03 3.23021269e+00 1.77970176e+04 6.10904980e+00
    55201.9076326 9.14449023e+03 3.20317197e+00 1.73323652e+04 6.05908775e+00
    55201.9280659 8.08945410e+03 3.09274745e+00 1.53109209e+04 5.85085106e+00
    55201.9484992 9.17968945e+03 3.20666075e+00 1.73931816e+04 6.06135273e+00
    55201.9689326 9.33782422e+03 3.22499657e+00 1.77040684e+04 6.09902000e+00
    55201.9893658 9.39768652e+03 3.23085809e+00 1.77534395e+04 6.10780907e+00
    55202.0097991 9.37547949e+03 3.22866774e+00 1.77652910e+04 6.10993099e+00
    55202.0302326 9.29988477e+03 3.22133803e+00 1.76512871e+04 6.09005737e+00
    55202.0506658 8.60841992e+03 3.15018010e+00 1.62796602e+04 5.95709896e+00
    55202.0710991 8.92290137e+03 3.18145108e+00 1.69404941e+04 6.01878023e+00
    55202.0915325 9.35445020e+03 3.22664857e+00 1.77044180e+04 6.09752989e+00
    55202.1119657 9.43374902e+03 3.23426032e+00 1.78334648e+04 6.11442709e+00
    55202.1323991 9.45391406e+03 3.23638725e+00 1.79462520e+04 6.11715889e+00
    55202.1528324 9.37062012e+03 3.22818899e+00 1.77520312e+04 6.10226202e+00
    55202.1732658 8.96380566e+03 3.18555808e+00 1.69588262e+04 6.02753687e+00
    55202.1936990 8.19934961e+03 3.10393167e+00 1.55774688e+04 5.87137842e+00
    55202.2141324 9.26018945e+03 3.21746230e+00 1.75138652e+04 6.08024311e+00
    55202.2345658 9.35656152e+03 3.22685671e+00 1.76901660e+04 6.10103226e+00
    55202.2549990 9.42202441e+03 3.23316932e+00 1.78929551e+04 6.11500740e+00
    55202.2754323 9.36505859e+03 3.22767949e+00 1.77269863e+04 6.09801102e+00
    55202.2958657 9.27267773e+03 3.21874309e+00 1.75704727e+04 6.08429766e+00
    55202.3162990 8.37583887e+03 3.12200737e+00 1.58760928e+04 5.90728569e+00
    55202.3367323 9.05275684e+03 3.19431162e+00 1.71212637e+04 6.04063320e+00
    55202.3571657 9.35879492e+03 3.22711635e+00 1.77502129e+04 6.10715818e+00
    55202.3775989 9.45215625e+03 3.23611832e+00 1.79120332e+04 6.12019205e+00
    55202.3980323 9.44624219e+03 3.23560333e+00 1.78728438e+04 6.11561012e+00
    55202.4184656 9.35283496e+03 3.22651839e+00 1.77393574e+04 6.10039806e+00
    55202.4388989 8.74644531e+03 3.16403461e+00 1.65863809e+04 5.97881985e+00
    55202.4593322 8.40057812e+03 3.12437773e+00 1.58603408e+04 5.89846611e+00
    55202.4797656 9.26995996e+03 3.21844769e+00 1.76085195e+04 6.08909941e+00
    55202.5001989 9.36676074e+03 3.22793174e+00 1.77538242e+04 6.10482597e+00
    55202.5206322 9.40443457e+03 3.23153424e+00 1.77900664e+04 6.10819292e+00
    55202.5410655 9.35439648e+03 3.22676516e+00 1.77647988e+04 6.10680819e+00
    55202.5614989 9.19492285e+03 3.20830393e+00 1.73980957e+04 6.07072020e+00
    55202.5819322 8.30555859e+03 3.11484170e+00 1.57261816e+04 5.89712620e+00
    55202.6023654 9.19848340e+03 3.20868015e+00 1.74802520e+04 6.07034922e+00
    55202.6227989 9.38407715e+03 3.22951746e+00 1.77627598e+04 6.11005592e+00
    55202.6432322 9.45645410e+03 3.23661971e+00 1.78919961e+04 6.12174892e+00
    55202.6636654 9.43742871e+03 3.23481798e+00 1.79296289e+04 6.11874628e+00
    55202.6840987 9.33713184e+03 3.22499037e+00 1.76940840e+04 6.10097075e+00
    55202.7045322 8.48808203e+03 3.13610649e+00 1.60732139e+04 5.93294907e+00
    55202.7249655 8.63948926e+03 3.15334439e+00 1.63894082e+04 5.96843386e+00
    55202.7453987 9.28518945e+03 3.21990156e+00 1.75809883e+04 6.09004164e+00
    55202.7658322 9.37329297e+03 3.22854114e+00 1.77804102e+04 6.11218882e+00
    55202.7862655 9.39306250e+03 3.23058844e+00 1.78246641e+04 6.11226416e+00
    55202.8066987 9.33394434e+03 3.22471023e+00 1.76621445e+04 6.09278488e+00
    55202.8271321 9.08740820e+03 3.19766760e+00 1.72501543e+04 6.04511452e+00
    55202.8475655 8.33594434e+03 3.11784697e+00 1.58119561e+04 5.89975262e+00
    55202.8679987 9.26131543e+03 3.21778178e+00 1.75272227e+04 6.09051895e+00
    55202.8884320 9.39708301e+03 3.23082352e+00 1.78296348e+04 6.11362457e+00
    55202.9088655 9.46037109e+03 3.23707414e+00 1.79427715e+04 6.12297106e+00
    55202.9292987 9.42841895e+03 3.23391342e+00 1.78473594e+04 6.11954784e+00
    55202.9497320 9.31134473e+03 3.22255564e+00 1.76725293e+04 6.09964657e+00
    55202.9701655 8.26933398e+03 3.11121559e+00 1.56930107e+04 5.88650274e+00
    55202.9905987 8.85967285e+03 3.17530155e+00 1.67925273e+04 6.00620317e+00
    55203.0110320 9.29793066e+03 3.22117305e+00 1.76455410e+04 6.09644794e+00
    55203.0314654 9.39045801e+03 3.23025393e+00 1.78029766e+04 6.11399508e+00
    55203.0518988 9.41202734e+03 3.23242116e+00 1.78293867e+04 6.11655331e+00
    55203.0723320 9.32099316e+03 3.22366023e+00 1.76932383e+04 6.10017586e+00
    55203.0927654 8.92878906e+03 3.18237734e+00 1.69334609e+04 6.02249527e+00
    55203.1131988 8.48103320e+03 3.13762641e+00 1.61140293e+04 5.93826437e+00
    55203.1336320 9.31092578e+03 3.22258973e+00           -Inf           -Inf
    55203.1540653 9.41504297e+03 3.23266912e+00 1.78234180e+04 6.11752844e+00
    55203.1744988 9.45518652e+03 3.23666930e+00 1.79570098e+04 6.12571907e+00
    55203.1949320 9.41048535e+03 3.23216867e+00 1.78811289e+04 6.11598682e+00
    55203.2153653 9.27458301e+03 3.21902013e+00 1.75554922e+04 6.09271097e+00
    55203.2357988 8.10902295e+03 3.09505439e+00 1.53928662e+04 5.85860968e+00
    55203.2562320 9.03895898e+03 3.19303679e+00 1.71791348e+04 6.04309797e+00
    55203.2766653 9.31815527e+03 3.22330856e+00 1.76334609e+04 6.10031939e+00
    55203.2970988 9.38827539e+03 3.23010850e+00 1.78489102e+04 6.11333227e+00
    55203.3175320           -Inf           -Inf           -Inf           -Inf
    55203.3379653 9.29508789e+03 3.22102261e+00 1.76067871e+04 6.09673691e+00
    55203.3583987 8.73767285e+03 3.16335583e+00 1.66098535e+04 5.98679209e+00
    55203.3788320 8.65037402e+03 3.15462375e+00 1.64228477e+04 5.97070169e+00
    55203.3992654 9.33646387e+03 3.22502422e+00 1.76933457e+04 6.10188389e+00
    55203.4196987 9.42958203e+03 3.23417974e+00 1.79338340e+04 6.12034655e+00
    55203.4401320 9.47231445e+03 3.23828459e+00 1.79625098e+04 6.12716770e+00
    55203.4605654 9.39667480e+03 3.23086095e+00 1.78016562e+04 6.11463785e+00
    55203.4809986 9.16516797e+03 3.20546746e+00 1.74211699e+04 6.06473112e+00
    55203.5014320 8.06866406e+03 3.09090281e+00 1.53134531e+04 5.84998703e+00
    55203.5218654 9.17248535e+03 3.20623565e+00 1.74132227e+04 6.06688786e+00
    55203.5422986 9.33083496e+03 3.22452426e+00 1.77235332e+04 6.10061932e+00
    55203.5627320 9.39762305e+03 3.23103142e+00 1.77890215e+04 6.11371231e+00
    55203.5831654 9.42095215e+03 3.24317503e+00 1.78280293e+04 6.13747072e+00
    55203.6035987 9.29450195e+03 3.22095633e+00 1.76018945e+04 6.09484100e+00
    55203.6240321 8.54865723e+03 3.14434052e+00 1.61593955e+04 5.95104551e+00
    55203.6444654 8.84520117e+03 3.17399240e+00 1.67710234e+04 6.00551128e+00
    55203.6648987 9.33360645e+03 3.22485232e+00 1.76184473e+04 6.09989119e+00
    55203.6853320 9.43708984e+03 3.23497510e+00 1.76447129e+04 6.12229919e+00
    55203.7057654 9.45806738e+03 3.23686218e+00 1.79775684e+04 6.12388849e+00
    55203.7261988 9.36944336e+03 3.22843814e+00 1.77683672e+04 6.10748196e+00
    55203.7466320 8.98459082e+03 3.18778729e+00 1.75190586e+04 6.02910805e+00
    55203.7670654 8.16515820e+03 3.10083055e+00 1.40078447e+04 5.84860802e+00
    55203.7874988 9.24081055e+03 3.21285105e+00 1.79533535e+04 6.07361889e+00
    55203.8079320 9.34817578e+03 3.22619820e+00 1.78124473e+04 6.10317421e+00
    55203.8283654 9.38907617e+03 3.23017907e+00 1.78011406e+04 6.10747433e+00
    55203.8487988 9.36043359e+03 3.22733021e+00 1.79105410e+04 6.10591221e+00
    55203.8692320 9.26552344e+03 3.21534920e+00 1.77391543e+04 6.08296919e+00
    55203.8896655 8.39002637e+03 3.12359214e+00 1.60395078e+04 5.90895700e+00
    55203.9100988 9.03214844e+03 3.19250464e+00 1.71796621e+04 6.03899431e+00
    55203.9305322 9.35276660e+03 3.22662067e+00 1.77457090e+04 6.10456038e+00
    55203.9509654 9.43751172e+03 3.23486233e+00 1.79819766e+04 6.11886644e+00
    55203.9713988 9.43921680e+03 3.23510480e+00 1.79158281e+04 6.12022209e+00
    55203.9918322 9.36281836e+03 3.22781873e+00 1.77633828e+04 6.10689402e+00
    55204.0122654 8.77133398e+03 3.16673756e+00 1.66676328e+04 5.98983669e+00
    55204.0326989 8.34742188e+03 3.11921096e+00 1.58257861e+04 5.90166378e+00
    55204.0531322 9.25925000e+03 3.21479273e+00 1.75511875e+04 6.08115768e+00
    55204.0735654 9.35063965e+03 3.22658300e+00 1.77624980e+04 6.10133457e+00
    55204.0939989 9.39253809e+03 3.23080969e+00 1.77789590e+04 6.11211586e+00
    55204.1144322 9.34406348e+03 3.22595525e+00 1.77521738e+04 6.10228348e+00
    55204.1348655 9.20757031e+03 3.20969224e+00 1.74986328e+04 6.06910276e+00
    55204.1552988 8.30071387e+03 3.11455297e+00 1.57595176e+04 5.89085102e+00
    55204.1757323 9.16314941e+03 3.20547271e+00 1.73965996e+04 6.06360245e+00
    55204.1961655 9.36697949e+03 3.22818518e+00 1.77842324e+04 6.10505724e+00
    55204.2165989 9.46258203e+03 3.23752999e+00 1.79452500e+04 6.12333822e+00
    55204.2370322 9.45611914e+03 3.23680854e+00 1.79853809e+04 6.12168884e+00
    55204.2574655 9.33529297e+03 3.22508311e+00 1.77320820e+04 6.10017633e+00
    55204.2778989           -Inf           -Inf           -Inf           -Inf
    55204.2983323 8.59370898e+03 3.14898324e+00 1.63309521e+04 5.95439720e+00
    55204.3187656 9.28109277e+03 3.21697235e+00 1.76334922e+04 6.08495665e+00
    55204.3391989 9.37255664e+03 3.22882318e+00 1.77652480e+04 6.10592604e+00
    55204.3596324 9.39622070e+03 3.23107982e+00 1.78813945e+04 6.10660076e+00
    55204.3800656 9.33908984e+03 3.22538376e+00 1.77365977e+04 6.09996033e+00
    55204.4004990 9.11053809e+03 3.20017171e+00 1.72691777e+04 6.05121469e+00
    55204.4209322 8.32612793e+03 3.11734533e+00 1.58411523e+04 5.89448023e+00
    55204.4413657 9.25112012e+03 3.21420670e+00 1.75543027e+04 6.07780266e+00
    55204.4617990 9.38982422e+03 3.23046494e+00 1.78109512e+04 6.10798693e+00
    55204.4822323 9.45696094e+03 3.23688126e+00 1.79913203e+04 6.11973476e+00
    55204.5026657 9.42043555e+03 3.23352003e+00 1.78750020e+04 6.11310768e+00
    55204.5230990 9.31612500e+03 3.22048545e+00 1.76902207e+04 6.08581400e+00
    55204.5435324 8.29260059e+03 3.11380315e+00 1.57743760e+04 5.88805437e+00
    55204.5639657 8.81975781e+03 3.17164588e+00 1.67203242e+04 5.99561834e+00
    55204.5843991 9.28604102e+03 3.21759510e+00 1.76549863e+04 6.08308363e+00
    55204.6048324 9.41511426e+03 3.23282957e+00 1.79151328e+04 6.11047173e+00
    55204.6252659 9.42726855e+03 3.24171734e+00 1.78662129e+04 6.12636328e+00
    55204.6456991 9.35426562e+03 3.22691894e+00 1.77677383e+04 6.09957695e+00
    55204.6661325 8.97833398e+03 3.18725300e+00 1.70619395e+04 6.02534914e+00
    55204.6865657 8.44909570e+03 3.13175035e+00 1.60277930e+04 5.92107773e+00
    55204.7069992 9.30331738e+03 3.21916032e+00 1.77014277e+04 6.08420420e+00
    55204.7274325 9.40992871e+03 3.23240042e+00 1.78760625e+04 6.10756207e+00
    55204.7478658 9.47434473e+03 3.23867035e+00 1.79545312e+04 6.12282991e+00
    55204.7682992 9.42254688e+03 3.23363614e+00 1.79205723e+04 6.11060333e+00
    55204.7887326 9.27615430e+03 3.21660376e+00 1.76104785e+04 6.08020449e+00
    55204.8091659 8.14625342e+03 3.09900546e+00 1.54458066e+04 5.85643387e+00
    55204.8295993 9.03039453e+03 3.19251561e+00 1.71846426e+04 6.03302574e+00
    55204.8500326 9.32118945e+03 3.22092032e+00 1.76821934e+04 6.08508968e+00
    55204.8704660 9.39620020e+03 3.23106742e+00 1.78462969e+04 6.10592651e+00
    55204.8908993 9.38472559e+03 3.22997904e+00 1.78620449e+04 6.10381031e+00
    55204.9113327 9.30846973e+03 3.21966290e+00 1.76702852e+04 6.08390903e+00
    55204.9317660 8.76769727e+03 3.16640425e+00 1.66440625e+04 5.98441648e+00
    55204.9521993 8.61870020e+03 3.15155029e+00 1.63988477e+04 5.95468140e+00
    55204.9726327 9.31706055e+03 3.22053814e+00 1.76544844e+04 6.08399916e+00
    55204.9930661 9.41464648e+03 3.23295069e+00 1.78984688e+04 6.10617876e+00
    55205.0134993 9.45316699e+03 3.23656464e+00 1.79896250e+04 6.10979128e+00
    55205.0339328 9.38183887e+03 3.22968912e+00 1.78093145e+04 6.10065222e+00
    55205.0543662 9.17264258e+03 3.20652270e+00 1.74162832e+04 6.05592775e+00
    55205.0747994 8.06700879e+03 3.09103441e+00 1.53505195e+04 5.84091711e+00
    55205.0952329 9.14485059e+03 3.20376921e+00 1.73454316e+04 6.05004406e+00
    55205.1156661 9.34371289e+03 3.22311234e+00 1.77762461e+04 6.08683681e+00
    55205.1360995 9.39574609e+03 3.23112655e+00 1.78596523e+04 6.09871292e+00
    55205.1565329 9.36543457e+03 3.22534156e+00 1.77472285e+04 6.08877707e+00
    55205.1769663 9.30224316e+03 3.21913218e+00 1.77138438e+04 6.07475710e+00
    55205.1973995 8.57897949e+03 3.14780927e+00 1.62936387e+04 5.94172096e+00
    55205.2178329 8.83052246e+03 3.17275572e+00 1.67500801e+04 5.99017382e+00
    55205.2382663 9.33905176e+03 3.22287011e+00 1.77933418e+04 6.08170700e+00
    55205.2586996 9.42482812e+03 3.23400736e+00 1.78817969e+04 6.10358572e+00
    55205.2791330 9.44705371e+03 3.23611879e+00 1.79363926e+04 6.10830355e+00
    55205.2995664 9.36876465e+03 3.22561622e+00 1.78386172e+04 6.08786726e+00
    55205.3199997 9.01764453e+03 3.19126868e+00 1.71162539e+04 6.02345991e+00
    55205.3404330 8.13421777e+03 3.09806609e+00 1.54612812e+04 5.84982252e+00
    55205.3608665 9.21406543e+03 3.21065116e+00 1.75401836e+04 6.06029844e+00
    55205.3812997 9.33918457e+03 3.22290111e+00 1.77126309e+04 6.08380842e+00
    55205.4017331 9.39043945e+03 3.23077226e+00 1.78589844e+04 6.09830713e+00
    55205.4221664 9.35392773e+03 3.22431850e+00 1.77916133e+04 6.08394766e+00
    55205.4425999 9.26808984e+03 3.21591520e+00 1.75987246e+04 6.06448984e+00
    55205.4630332 8.40182812e+03 3.12720609e+00 1.59967686e+04 5.90271521e+00
    55205.4834665 8.99464453e+03 3.18903637e+00 1.70994141e+04 6.01588154e+00
    55205.5039000 9.34897070e+03 3.22377181e+00 1.77328809e+04 6.08170414e+00
    55205.5243332 9.43602539e+03 3.23510718e+00 1.79676816e+04 6.10357380e+00
    55205.5447666 9.44030859e+03 3.23555374e+00 1.79658027e+04 6.09863424e+00
    55205.5652001 9.35647559e+03 3.22460389e+00 1.77450312e+04 6.08472633e+00
    55205.5856333 8.80781641e+03 3.17066932e+00 1.67599590e+04 5.97596884e+00
    55205.6060667 8.33812988e+03 3.12082100e+00 1.58637822e+04 5.88493204e+00
    55205.6265001 9.25853418e+03 3.21509814e+00 1.75872559e+04 6.06508255e+00
    55205.6469334 9.35043359e+03 3.22398329e+00 1.78079980e+04 6.08025122e+00
    55205.6673668 9.39597656e+03 3.23139477e+00 1.78631992e+04 6.09030724e+00
    55205.6878001 9.34687207e+03 3.22374797e+00 1.77433047e+04 6.07868671e+00
    55205.7082335 9.21991895e+03 3.21152496e+00 1.75570898e+04 6.05540848e+00
    55205.7286668 8.31362207e+03 3.11851597e+00 1.58129561e+04 5.88434124e+00
    55205.7491002 9.14220996e+03 3.20380449e+00 1.73632305e+04 6.04033279e+00
    55205.7695337 9.36275781e+03 3.22539663e+00 1.78287109e+04 6.07865715e+00
    55205.7899669 9.44816602e+03 3.23638177e+00 1.79606211e+04 6.10105658e+00
    55205.8104003 9.43293066e+03 3.23509121e+00 1.79295098e+04 6.09877539e+00
    55205.8308336 9.33437402e+03 3.22259974e+00 1.77639805e+04 6.07337093e+00
    55205.8512670 8.56376660e+03 3.14375162e+00 1.62734893e+04 5.92921066e+00
    55205.8717004 8.55047754e+03 3.14252830e+00 1.62764863e+04 5.92687416e+00
    55205.8921337 9.27614258e+03 3.21707177e+00 1.76637090e+04 6.05687332e+00
    55205.9125671 9.36341309e+03 3.22544980e+00 1.77821543e+04 6.07848835e+00
    55205.9330004 9.40210352e+03 3.22937012e+00 1.78860234e+04 6.08019447e+00
    55205.9534337 9.34688574e+03 3.22390342e+00 1.77782832e+04 6.07593775e+00
    55205.9738672 9.12335156e+03 3.20211768e+00 1.73343027e+04 6.02957010e+00
    55205.9943004 8.31753125e+03 3.11913824e+00 1.58457676e+04 5.87767935e+00
    55206.0147338 9.23789551e+03 3.21334481e+00 1.75836523e+04 6.04951811e+00
    55206.0351673 9.38558398e+03 3.22772002e+00 1.78278418e+04 6.07911921e+00
    55206.0556006 9.44682129e+03 3.23879981e+00 1.80039531e+04 6.10125399e+00
    55206.0760339 9.42051367e+03 3.23401141e+00 1.79060586e+04 6.08599043e+00
    55206.0964674 9.31086621e+03 3.22047734e+00 1.76555938e+04 6.06745577e+00
    55206.1169007 8.32567773e+03 3.11991835e+00 1.57842109e+04 5.87400103e+00
    55206.1373340 8.78869531e+03 3.16922808e+00 1.66351543e+04 5.96872616e+00
    55206.1577675 9.29154297e+03 3.21865892e+00 1.75300742e+04 6.05873728e+00
    55206.1782008 9.37367773e+03 3.22667027e+00 1.77376035e+04 6.07062101e+00
    55206.1986341 9.38877441e+03 3.22816467e+00 1.77222656e+04 6.08070183e+00
    55206.2190674 9.31684766e+03 3.22126317e+00 1.77583770e+04 6.06239271e+00
