      1     0.000000000000000000e+00        0.100000000000
      3     2.000000000000000000e+00        0.002426502454
     10     9.000000000000000000e+00        0.002426502454
     24     2.300000000000000000e+01        0.002084031557
     57     5.600000000000000000e+01        0.001441085264
     59     5.800000000000000000e+01        0.001441085264
     33     3.200000000000000000e+01        0.001175908370
     25     2.400000000000000000e+01        0.000969077046
      8     7.000000000000000000e+00        0.000791677093
     89     8.800000000000000000e+01        0.000782216010
     96     9.500000000000000000e+01        0.000630786661
    123     1.220000000000000000e+02        0.000630786661
    140     1.390000000000000000e+02        0.000630786661
    147     1.460000000000000000e+02        0.000630786661
    101     1.000000000000000000e+02        0.000572623841
    154     1.530000000000000000e+02        0.000572623841
    157     1.560000000000000000e+02        0.000572623841
    194     1.930000000000000000e+02        0.000572623841
    187     1.860000000000000000e+02        0.000619312026
    170     1.690000000000000000e+02        0.000635604482
    238     2.370000000000000000e+02        0.000737995142
      4     3.000000000000000000e+00        0.000705001814
     21     2.000000000000000000e+01        0.000432492813
     35     3.400000000000000000e+01        0.000432492813
    116     1.150000000000000000e+02        0.000432492813
    122     1.210000000000000000e+02        0.000432492813
    130     1.290000000000000000e+02        0.000432492813
    139     1.380000000000000000e+02        0.000432492813
    155     1.540000000000000000e+02        0.000376643844
     15     1.400000000000000000e+01        0.000371927880
     54     5.300000000000000000e+01        0.000371927880
    175     1.740000000000000000e+02        0.000371927880
    200     1.990000000000000000e+02        0.000371927880
    248     2.470000000000000000e+02        0.000371927880
     52     5.100000000000000000e+01        0.000548113935
     71     7.000000000000000000e+01        0.000548113935
    129     1.280000000000000000e+02        0.000548113935
    198     1.970000000000000000e+02        0.000595645382
    188     1.870000000000000000e+02        0.000599603270
     17     1.600000000000000000e+01        0.000653135460
    135     1.340000000000000000e+02        0.000707591048
    213     2.120000000000000000e+02        0.000707591048
     98     9.700000000000000000e+01        0.000713292280
    125     1.240000000000000000e+02        0.000713292280
    128     1.270000000000000000e+02        0.000713292280
    163     1.620000000000000000e+02        0.000713292280
     23     2.200000000000000000e+01        0.000686648811
     60     5.900000000000000000e+01        0.000686648811
    131     1.300000000000000000e+02        0.000686648811
    185     1.840000000000000000e+02        0.000686648811
    199     1.980000000000000000e+02        0.000686648811
    234     2.330000000000000000e+02        0.000713292280
     13     1.200000000000000000e+01        0.000589706989
     27     2.600000000000000000e+01        0.000589706989
     90     8.900000000000000000e+01        0.000589706989
    174     1.730000000000000000e+02        0.000589706989
    208     2.070000000000000000e+02        0.000589706989
     78     7.700000000000000000e+01        0.000638361276
    121     1.200000000000000000e+02        0.000663513860
    110     1.090000000000000000e+02        0.000718034644
    207     2.060000000000000000e+02        0.000718034644
    218     2.170000000000000000e+02        0.000718034644
    244     2.430000000000000000e+02        0.000718034644
     19     1.800000000000000000e+01        0.000730786116
     40     3.900000000000000000e+01        0.000747332672
    143     1.420000000000000000e+02        0.000773731007
     12     1.100000000000000000e+01        0.000683713217
     46     4.500000000000000000e+01        0.000683713217
     73     7.200000000000000000e+01        0.000683713217
    145     1.440000000000000000e+02        0.000683713217
    202     2.010000000000000000e+02        0.000683713217
    237     2.360000000000000000e+02        0.000683713217
     28     2.700000000000000000e+01        0.000624458010
     92     9.100000000000000000e+01        0.000624458010
    203     2.020000000000000000e+02        0.000624458010
    133     1.320000000000000000e+02        0.000634066628
     55     5.400000000000000000e+01        0.000753946139
     72     7.100000000000000000e+01        0.000753946139
    136     1.350000000000000000e+02        0.000753946139
    180     1.790000000000000000e+02        0.000773731007
    249     2.480000000000000000e+02        0.000782216010
     84     8.300000000000000000e+01        0.000801432854
     99     9.800000000000000000e+01        0.000810527763
     67     6.600000000000000000e+01        0.000847036548
     16     1.500000000000000000e+01        0.000826476709
    152     1.510000000000000000e+02        0.000826476709
    156     1.550000000000000000e+02        0.000826476709
    186     1.850000000000000000e+02        0.000826476709
     29     2.800000000000000000e+01        0.000775711069
     82     8.100000000000000000e+01        0.000775711069
     11     1.000000000000000000e+01        0.000741927302
     43     4.200000000000000000e+01        0.000741927302
      7     6.000000000000000000e+00        0.000620824226
     58     5.700000000000000000e+01        0.000620824226
     79     7.800000000000000000e+01        0.000620824226
     91     9.000000000000000000e+01        0.000620824226
    111     1.100000000000000000e+02        0.000620824226
    113     1.120000000000000000e+02        0.000620824226
    118     1.170000000000000000e+02        0.000620824226
    223     2.220000000000000000e+02        0.000620824226
    235     2.340000000000000000e+02        0.000620824226
     64     6.300000000000000000e+01        0.000635957901
     83     8.200000000000000000e+01        0.000653078629
     93     9.200000000000000000e+01        0.000653078629
    151     1.500000000000000000e+02        0.000653078629
    191     1.900000000000000000e+02        0.000653078629
    221     2.200000000000000000e+02        0.000662268613
      6     5.000000000000000000e+00        0.000672654960
    107     1.060000000000000000e+02        0.000591687078
    138     1.370000000000000000e+02        0.000591687078
    159     1.580000000000000000e+02        0.000591687078
    161     1.600000000000000000e+02        0.000591687078
    173     1.720000000000000000e+02        0.000591687078
    177     1.760000000000000000e+02        0.000591687078
    181     1.800000000000000000e+02        0.000591687078
    219     2.180000000000000000e+02        0.000591687078
     87     8.600000000000000000e+01        0.000688300368
    201     2.000000000000000000e+02        0.000699466797
     94     9.300000000000000000e+01        0.000707223606
    168     1.670000000000000000e+02        0.000707223606
    114     1.130000000000000000e+02        0.000732080386
    204     2.030000000000000000e+02        0.000732080386
     66     6.500000000000000000e+01        0.000757750423
    120     1.190000000000000000e+02        0.000757750423
    222     2.210000000000000000e+02        0.000775711069
     80     7.900000000000000000e+01        0.000794402905
    195     1.940000000000000000e+02        0.000794402905
    246     2.450000000000000000e+02        0.000794402905
    192     1.910000000000000000e+02        0.000826476709
    205     2.040000000000000000e+02        0.000826476709
    119     1.180000000000000000e+02        0.000885668780
    216     2.150000000000000000e+02        0.000885668780
    126     1.250000000000000000e+02        0.000943044276
    100     9.900000000000000000e+01        0.000961823470
    217     2.160000000000000000e+02        0.000992501203
    243     2.420000000000000000e+02        0.000992501203
    220     2.190000000000000000e+02        0.000994667428
    209     2.080000000000000000e+02        0.001008440375
     22     2.100000000000000000e+01        0.001023113917
     49     4.800000000000000000e+01        0.001023113917
     50     4.900000000000000000e+01        0.001024963553
    167     1.660000000000000000e+02        0.001024963553
     48     4.700000000000000000e+01        0.000972414575
    103     1.020000000000000000e+02        0.000972414575
    108     1.070000000000000000e+02        0.000972414575
     42     4.100000000000000000e+01        0.000703287939
     69     6.800000000000000000e+01        0.000703287939
     70     6.900000000000000000e+01        0.000703287939
    172     1.710000000000000000e+02        0.000703287939
    225     2.240000000000000000e+02        0.000703287939
    232     2.310000000000000000e+02        0.000703287939
    242     2.410000000000000000e+02        0.000703287939
    164     1.630000000000000000e+02        0.000714273738
    169     1.680000000000000000e+02        0.000780930304
    233     2.320000000000000000e+02        0.000780930304
    193     1.920000000000000000e+02        0.000972414575
     88     8.700000000000000000e+01        0.001002771695
    206     2.050000000000000000e+02        0.001007052356
    239     2.380000000000000000e+02        0.001031137257
     85     8.400000000000000000e+01        0.001054489817
    240     2.390000000000000000e+02        0.001054489817
    142     1.410000000000000000e+02        0.001072031950
    115     1.140000000000000000e+02        0.001103008783
    141     1.400000000000000000e+02        0.001103008783
     81     8.000000000000000000e+01        0.001113569837
    171     1.700000000000000000e+02        0.001113569837
     44     4.300000000000000000e+01        0.001151095498
    134     1.330000000000000000e+02        0.001180179239
    137     1.360000000000000000e+02        0.001181705983
      2     1.000000000000000000e+00        0.001216766964
    182     1.810000000000000000e+02        0.001227081583
     74     7.300000000000000000e+01        0.001238647279
    112     1.110000000000000000e+02        0.001238647279
    227     2.260000000000000000e+02        0.001238647279
    230     2.290000000000000000e+02        0.001238647279
     65     6.400000000000000000e+01        0.001255039161
    656     6.550000000000000000e+02        0.000827146865
    634     6.330000000000000000e+02        0.000116830457
    636     6.350000000000000000e+02        0.000063614688
    639     6.380000000000000000e+02        0.000063614688
    642     6.410000000000000000e+02        0.000053535067
    658     6.570000000000000000e+02        0.000048407592
    641     6.400000000000000000e+02        0.000039394508
    608     6.070000000000000000e+02        0.000025101834
    637     6.360000000000000000e+02        0.000016809493
    644     6.430000000000000000e+02        0.000016809493
    612     6.110000000000000000e+02        0.000011318267
    665     6.640000000000000000e+02        0.000011318267
    675     6.740000000000000000e+02        0.000011318267
    726     7.250000000000000000e+02        0.000011318267
    739     7.380000000000000000e+02        0.000011318267
    747     7.460000000000000000e+02        0.000011318267
    759     7.580000000000000000e+02        0.000011318267
    787     7.860000000000000000e+02        0.000007944110
    811     8.100000000000000000e+02        0.000007944110
    816     8.150000000000000000e+02        0.000007944110
    829     8.280000000000000000e+02        0.000009647134
    773     7.720000000000000000e+02        0.000011978653
    822     8.210000000000000000e+02        0.000011978653
    647     6.460000000000000000e+02        0.000012950443
    613     6.120000000000000000e+02        0.000013150072
    786     7.850000000000000000e+02        0.000014507991
    652     6.510000000000000000e+02        0.000015425717
    768     7.670000000000000000e+02        0.000015425717
    617     6.160000000000000000e+02        0.000016299216
    618     6.170000000000000000e+02        0.000013844006
    650     6.490000000000000000e+02        0.000013844006
    662     6.610000000000000000e+02        0.000013844006
    672     6.710000000000000000e+02        0.000013844006
    673     6.720000000000000000e+02        0.000013844006
    748     7.470000000000000000e+02        0.000013844006
    653     6.520000000000000000e+02        0.000010173631
    670     6.690000000000000000e+02        0.000010173631
    749     7.480000000000000000e+02        0.000010173631
    802     8.010000000000000000e+02        0.000010173631
    814     8.130000000000000000e+02        0.000010173631
    823     8.220000000000000000e+02        0.000010173631
    782     7.810000000000000000e+02        0.000011321453
    795     7.940000000000000000e+02        0.000011321453
    810     8.090000000000000000e+02        0.000013849628
    715     7.140000000000000000e+02        0.000014492731
    648     6.470000000000000000e+02        0.000014867009
    828     8.270000000000000000e+02        0.000014867009
    619     6.180000000000000000e+02        0.000015621262
    620     6.190000000000000000e+02        0.000016309669
    596     5.950000000000000000e+02        0.000016346274
    591     5.900000000000000000e+02        0.000015338439
    621     6.200000000000000000e+02        0.000015338439
    623     6.220000000000000000e+02        0.000015338439
    651     6.500000000000000000e+02        0.000015338439
    703     7.020000000000000000e+02        0.000015338439
    599     5.980000000000000000e+02        0.000014163807
    645     6.440000000000000000e+02        0.000014163807
    780     7.790000000000000000e+02        0.000014163807
    834     8.330000000000000000e+02        0.000014163807
    750     7.490000000000000000e+02        0.000015338439
    832     8.310000000000000000e+02        0.000015338439
    629     6.280000000000000000e+02        0.000016501760
    605     6.040000000000000000e+02        0.000016558358
    643     6.420000000000000000e+02        0.000016558358
    690     6.890000000000000000e+02        0.000016627399
    756     7.550000000000000000e+02        0.000016912472
    836     8.350000000000000000e+02        0.000016912472
    616     6.150000000000000000e+02        0.000016939084
    704     7.030000000000000000e+02        0.000016994037
    710     7.090000000000000000e+02        0.000016994037
    746     7.450000000000000000e+02        0.000016994037
    774     7.730000000000000000e+02        0.000016994037
    812     8.110000000000000000e+02        0.000016994037
    604     6.030000000000000000e+02        0.000017094648
    689     6.880000000000000000e+02        0.000017094648
    732     7.310000000000000000e+02        0.000017094648
    744     7.430000000000000000e+02        0.000017094648
    791     7.900000000000000000e+02        0.000017094648
    677     6.760000000000000000e+02        0.000017230140
    790     7.890000000000000000e+02        0.000017230140
    611     6.100000000000000000e+02        0.000017230140
    615     6.140000000000000000e+02        0.000017230140
    695     6.940000000000000000e+02        0.000017230140
    714     7.130000000000000000e+02        0.000017230140
    687     6.860000000000000000e+02        0.000017364995
    742     7.410000000000000000e+02        0.000017364995
    761     7.600000000000000000e+02        0.000017364995
    779     7.780000000000000000e+02        0.000017364995
    627     6.260000000000000000e+02        0.000017591419
    683     6.820000000000000000e+02        0.000017684667
    609     6.080000000000000000e+02        0.000017945016
    785     7.840000000000000000e+02        0.000017999991
    628     6.270000000000000000e+02        0.000018133015
    801     8.000000000000000000e+02        0.000018133015
    712     7.110000000000000000e+02        0.000018134776
    632     6.310000000000000000e+02        0.000018678444
    624     6.230000000000000000e+02        0.000019113931
    649     6.480000000000000000e+02        0.000019304153
    817     8.160000000000000000e+02        0.000019490025
    793     7.920000000000000000e+02        0.000019688435
    679     6.780000000000000000e+02        0.000019798073
    718     7.170000000000000000e+02        0.000019798073
    723     7.220000000000000000e+02        0.000019798073
    736     7.350000000000000000e+02        0.000019798073
    635     6.340000000000000000e+02        0.000021770378
    741     7.400000000000000000e+02        0.000021770378
    701     7.000000000000000000e+02        0.000022260945
    711     7.100000000000000000e+02        0.000022260945
    625     6.240000000000000000e+02        0.000023485679
    770     7.690000000000000000e+02        0.000024069145
    633     6.320000000000000000e+02        0.000024485138
    597     5.960000000000000000e+02        0.000024485138
     32     3.100000000000000000e+01        0.000015869704
    600     5.990000000000000000e+02        0.000015869704
    603     6.020000000000000000e+02        0.000015869704
    708     7.070000000000000000e+02        0.000015869704
    766     7.650000000000000000e+02        0.000015869704
    769     7.680000000000000000e+02        0.000015869704
    807     8.060000000000000000e+02        0.000015869704
    809     8.080000000000000000e+02        0.000015869704
    595     5.940000000000000000e+02        0.000021443069
    800     7.990000000000000000e+02        0.000021443069
    825     8.240000000000000000e+02        0.000021946746
    661     6.600000000000000000e+02        0.000022775367
    682     6.810000000000000000e+02        0.000022775367
    707     7.060000000000000000e+02        0.000022775367
    806     8.050000000000000000e+02        0.000022775367
    820     8.190000000000000000e+02        0.000022775367
    838     8.370000000000000000e+02        0.000022775367
    731     7.300000000000000000e+02        0.000023942533
    781     7.800000000000000000e+02        0.000024485138
    684     6.830000000000000000e+02        0.000024415437
    716     7.150000000000000000e+02        0.000024415437
    757     7.560000000000000000e+02        0.000024415437
    827     8.260000000000000000e+02        0.000024415437
    720     7.190000000000000000e+02        0.000024516472
    622     6.210000000000000000e+02        0.000024585444
    667     6.660000000000000000e+02        0.000024585444
    728     7.270000000000000000e+02        0.000024585444
    805     8.040000000000000000e+02        0.000024585444
    831     8.300000000000000000e+02        0.000024585444
    659     6.580000000000000000e+02        0.000025101834
    678     6.770000000000000000e+02        0.000025101834
    717     7.160000000000000000e+02        0.000025101834
    789     7.880000000000000000e+02        0.000025302973
    697     6.960000000000000000e+02        0.000025940826
    668     6.670000000000000000e+02        0.000026030663
    693     6.920000000000000000e+02        0.000026030663
    669     6.680000000000000000e+02        0.000023103676
    799     7.980000000000000000e+02        0.000023103676
    754     7.530000000000000000e+02        0.000025436339
    758     7.570000000000000000e+02        0.000025436339
    839     8.380000000000000000e+02        0.000025436339
    775     7.740000000000000000e+02        0.000026387303
    734     7.330000000000000000e+02        0.000026409384
    601     6.000000000000000000e+02        0.000026611183
    804     8.030000000000000000e+02        0.000026736264
    763     7.620000000000000000e+02        0.000027190617
    606     6.050000000000000000e+02        0.000027822529
    671     6.700000000000000000e+02        0.000028021770
    830     8.290000000000000000e+02        0.000028410827
    803     8.020000000000000000e+02        0.000029653605
    835     8.340000000000000000e+02        0.000030589984
    826     8.250000000000000000e+02        0.000030730639
    721     7.200000000000000000e+02        0.000031379891
    719     7.180000000000000000e+02        0.000031479425
    743     7.420000000000000000e+02        0.000032098908
    745     7.440000000000000000e+02        0.000033200759
    797     7.960000000000000000e+02        0.000033485392
    640     6.390000000000000000e+02        0.000033950398
    713     7.120000000000000000e+02        0.000034683929
    808     8.070000000000000000e+02        0.000035389411
    610     6.090000000000000000e+02        0.000036079292
    630     6.290000000000000000e+02        0.000036515639
    752     7.510000000000000000e+02        0.000036515639
    778     7.770000000000000000e+02        0.000036515639
    798     7.970000000000000000e+02        0.000036515639
    631     6.300000000000000000e+02        0.000036810265
    709     7.080000000000000000e+02        0.000036945005
    788     7.870000000000000000e+02        0.000036945005
    819     8.180000000000000000e+02        0.000036945005
    725     7.240000000000000000e+02        0.000038073319
    729     7.280000000000000000e+02        0.000038073319
    840     8.390000000000000000e+02        0.000039620033
    654     6.530000000000000000e+02        0.000039854858
    698     6.970000000000000000e+02        0.000039854858
    724     7.230000000000000000e+02        0.000039854858
    664     6.630000000000000000e+02        0.000040233110
    764     7.630000000000000000e+02        0.000040233110
    638     6.370000000000000000e+02        0.000041370344
    676     6.750000000000000000e+02        0.000041914653
    680     6.790000000000000000e+02        0.000041914653
    685     6.840000000000000000e+02        0.000041914653
    696     6.950000000000000000e+02        0.000041914653
    702     7.010000000000000000e+02        0.000041914653
    815     8.140000000000000000e+02        0.000042936018
    692     6.910000000000000000e+02        0.000043332423
    655     6.540000000000000000e+02        0.000043618728
    735     7.340000000000000000e+02        0.000043618728
    777     7.760000000000000000e+02        0.000043618728
    794     7.930000000000000000e+02        0.000043618728
     14     1.300000000000000000e+01        0.000044321689
    767     7.660000000000000000e+02        0.000044321689
    737     7.360000000000000000e+02        0.000045451843
    706     7.050000000000000000e+02        0.000045766446
    740     7.390000000000000000e+02        0.000048040272
    594     5.930000000000000000e+02        0.000048407592
    733     7.320000000000000000e+02        0.000048407592
    818     8.170000000000000000e+02        0.000048407592
    614     6.130000000000000000e+02        0.000048579656
    660     6.590000000000000000e+02        0.000048868884
    705     7.040000000000000000e+02        0.000048868884
    727     7.260000000000000000e+02        0.000048868884
    772     7.710000000000000000e+02        0.000048868884
    813     8.120000000000000000e+02        0.000050099539
    760     7.590000000000000000e+02        0.000053535067
    598     5.970000000000000000e+02        0.000056405400
    674     6.730000000000000000e+02        0.000056405400
    792     7.910000000000000000e+02        0.000056405400
    751     7.500000000000000000e+02        0.000056545534
    730     7.290000000000000000e+02        0.000060003735
    833     8.320000000000000000e+02        0.000060392077
    837     8.360000000000000000e+02        0.000063614688
    593     5.920000000000000000e+02        0.000064386967
    626     6.250000000000000000e+02        0.000064386967
    694     6.930000000000000000e+02        0.000064386967
    663     6.620000000000000000e+02        0.000067228176
    686     6.850000000000000000e+02        0.000068238496
    657     6.560000000000000000e+02        0.000070978187
    762     7.610000000000000000e+02        0.000072061051
    666     6.650000000000000000e+02        0.000079698845
    699     6.980000000000000000e+02        0.000079698845
    784     7.830000000000000000e+02        0.000080763701
    691     6.900000000000000000e+02        0.000082855627
    796     7.950000000000000000e+02        0.000084054262
    646     6.450000000000000000e+02        0.000086796940
    765     7.640000000000000000e+02        0.000092326440
    738     7.370000000000000000e+02        0.000094256589
    776     7.750000000000000000e+02        0.000096849536
    821     8.200000000000000000e+02        0.000105971016
    602     6.010000000000000000e+02        0.000106677929
    824     8.230000000000000000e+02        0.000110596080
    592     5.910000000000000000e+02        0.000114676369
    688     6.870000000000000000e+02        0.000115381619
     86     8.500000000000000000e+01        0.000118247286
    132     1.310000000000000000e+02        0.000118644850
     20     1.900000000000000000e+01        0.000122707346
    783     7.820000000000000000e+02        0.000122707346
    607     6.060000000000000000e+02        0.000146074137
    753     7.520000000000000000e+02        0.000146074137
    755     7.540000000000000000e+02        0.000146074137
    681     6.800000000000000000e+02        0.000151789891
    700     6.990000000000000000e+02        0.000182713602
    771     7.700000000000000000e+02        0.000188994713
    722     7.210000000000000000e+02        0.000212519429
    124     1.230000000000000000e+02        0.000226987668
    148     1.470000000000000000e+02        0.000675984867
    212     2.110000000000000000e+02        0.000675984867
    214     2.130000000000000000e+02        0.000748745623
     41     4.000000000000000000e+01        0.000777838087
     68     6.700000000000000000e+01        0.001265593204
    224     2.230000000000000000e+02        0.001271311940
    146     1.450000000000000000e+02        0.001288512462
    166     1.650000000000000000e+02        0.001288512462
     76     7.500000000000000000e+01        0.001300183440
    144     1.430000000000000000e+02        0.001305375022
    197     1.960000000000000000e+02        0.001306173933
     39     3.800000000000000000e+01        0.001306173933
    184     1.830000000000000000e+02        0.001306173933
    228     2.270000000000000000e+02        0.001306173933
    245     2.440000000000000000e+02        0.001306173933
     61     6.000000000000000000e+01        0.001313369509
     75     7.400000000000000000e+01        0.001323966821
     53     5.200000000000000000e+01        0.001336407108
    179     1.780000000000000000e+02        0.001353960171
      5     4.000000000000000000e+00        0.001421436840
    104     1.030000000000000000e+02        0.001441085264
    196     1.950000000000000000e+02        0.001441085264
    178     1.770000000000000000e+02        0.001552765312
    149     1.480000000000000000e+02        0.001641962372
     30     2.900000000000000000e+01        0.001659847985
    106     1.050000000000000000e+02        0.001659847985
     47     4.600000000000000000e+01        0.001681071924
     97     9.600000000000000000e+01        0.001684611263
     26     2.500000000000000000e+01        0.001808550249
     31     3.000000000000000000e+01        0.001813576449
    165     1.640000000000000000e+02        0.001813576449
    109     1.080000000000000000e+02        0.001824891336
    241     2.400000000000000000e+02        0.001824891336
     95     9.400000000000000000e+01        0.001875588513
     38     3.700000000000000000e+01        0.001975370653
     51     5.000000000000000000e+01        0.001975370653
     77     7.600000000000000000e+01        0.001975370653
     36     3.500000000000000000e+01        0.001980472593
    162     1.610000000000000000e+02        0.001983716858
     62     6.100000000000000000e+01        0.002074673614
    176     1.750000000000000000e+02        0.002231844861
    215     2.140000000000000000e+02        0.002302687958
     37     3.600000000000000000e+01        0.002412407047
    210     2.090000000000000000e+02        0.002412407047
    250     2.490000000000000000e+02        0.002412407047
    183     1.820000000000000000e+02        0.002508492994
     63     6.200000000000000000e+01        0.002518916774
    158     1.570000000000000000e+02        0.002734035501
    189     1.880000000000000000e+02        0.002962782293
    150     1.490000000000000000e+02        0.002995778299
     56     5.500000000000000000e+01        0.003020778724
    160     1.590000000000000000e+02        0.003122614495
    190     1.890000000000000000e+02        0.003356709485
    236     2.350000000000000000e+02        0.003356709485
     34     3.300000000000000000e+01        0.003424536483
    117     1.160000000000000000e+02        0.003429489712
      9     8.000000000000000000e+00        0.003545244143
    229     2.280000000000000000e+02        0.003692503840
    102     1.010000000000000000e+02        0.003810761810
    211     2.100000000000000000e+02        0.004028353917
    231     2.300000000000000000e+02        0.004055616357
    247     2.460000000000000000e+02        0.004932906699
     45     4.400000000000000000e+01        0.005609072151
    105     1.040000000000000000e+02        0.005825991136
    153     1.520000000000000000e+02        0.005919606955
    127     1.260000000000000000e+02        0.006636874665
    226     2.250000000000000000e+02        0.009734693027
    402     4.010000000000000000e+02        0.011614682472
    358     3.570000000000000000e+02        0.001414317122
    373     3.720000000000000000e+02        0.000532638501
    374     3.730000000000000000e+02        0.000364607214
    383     3.820000000000000000e+02        0.000364607214
    390     3.890000000000000000e+02        0.000364607214
    397     3.960000000000000000e+02        0.000364607214
    407     4.060000000000000000e+02        0.000364607214
    415     4.140000000000000000e+02        0.000364607214
    422     4.210000000000000000e+02        0.000364607214
    431     4.300000000000000000e+02        0.000364607214
    434     4.330000000000000000e+02        0.000364607214
    436     4.350000000000000000e+02        0.000364607214
    380     3.790000000000000000e+02        0.000366811463
    365     3.640000000000000000e+02        0.000398757833
    423     4.220000000000000000e+02        0.000463437949
    369     3.680000000000000000e+02        0.000535526601
    401     4.000000000000000000e+02        0.000535526601
    406     4.050000000000000000e+02        0.000535526601
    413     4.120000000000000000e+02        0.000537031013
    449     4.480000000000000000e+02        0.000537031013
    450     4.490000000000000000e+02        0.000537031013
    398     3.970000000000000000e+02        0.000615463841
    352     3.510000000000000000e+02        0.000558760195
    353     3.520000000000000000e+02        0.000558760195
    364     3.630000000000000000e+02        0.000558760195
    379     3.780000000000000000e+02        0.000558760195
    395     3.940000000000000000e+02        0.000558760195
    443     4.420000000000000000e+02        0.000558760195
    408     4.070000000000000000e+02        0.000575658887
    409     4.080000000000000000e+02        0.000575658887
    426     4.250000000000000000e+02        0.000575658887
    441     4.400000000000000000e+02        0.000575658887
    419     4.180000000000000000e+02        0.000615779960
    370     3.690000000000000000e+02        0.000623907117
    386     3.850000000000000000e+02        0.000623907117
    351     3.500000000000000000e+02        0.000407034837
    357     3.560000000000000000e+02        0.000345658579
    367     3.660000000000000000e+02        0.000345658579
    360     3.590000000000000000e+02        0.000304228142
    382     3.810000000000000000e+02        0.000304228142
    400     3.990000000000000000e+02        0.000304228142
    405     4.040000000000000000e+02        0.000304228142
    411     4.100000000000000000e+02        0.000304228142
    421     4.200000000000000000e+02        0.000304228142
    425     4.240000000000000000e+02        0.000304228142
    445     4.440000000000000000e+02        0.000304228142
    375     3.740000000000000000e+02        0.000210352185
    396     3.950000000000000000e+02        0.000210352185
    433     4.320000000000000000e+02        0.000210352185
    377     3.760000000000000000e+02        0.000238339145
    359     3.580000000000000000e+02        0.000270161087
    429     4.280000000000000000e+02        0.000270161087
    291     2.900000000000000000e+02        0.000309167856
    315     3.140000000000000000e+02        0.000347460653
    324     3.230000000000000000e+02        0.000365397727
    420     4.190000000000000000e+02        0.000371761869
    410     4.090000000000000000e+02        0.000378039501
    417     4.160000000000000000e+02        0.000378039501
    424     4.230000000000000000e+02        0.000378039501
    275     2.740000000000000000e+02        0.000401231044
    328     3.270000000000000000e+02        0.000401231044
    342     3.410000000000000000e+02        0.000401231044
    439     4.380000000000000000e+02        0.000401231044
    442     4.410000000000000000e+02        0.000401231044
    444     4.430000000000000000e+02        0.000401231044
    258     2.570000000000000000e+02        0.000416837391
    344     3.430000000000000000e+02        0.000416837391
    343     3.420000000000000000e+02        0.000352681338
    267     2.660000000000000000e+02        0.000269675812
    327     3.260000000000000000e+02        0.000269675812
    347     3.460000000000000000e+02        0.000269675812
    391     3.900000000000000000e+02        0.000269675812
    428     4.270000000000000000e+02        0.000269675812
    432     4.310000000000000000e+02        0.000269675812
    435     4.340000000000000000e+02        0.000269675812
    440     4.390000000000000000e+02        0.000269675812
    448     4.470000000000000000e+02        0.000269675812
    355     3.540000000000000000e+02        0.000273949309
    361     3.600000000000000000e+02        0.000273949309
    376     3.750000000000000000e+02        0.000273949309
    378     3.770000000000000000e+02        0.000273949309
    404     4.030000000000000000e+02        0.000273949309
    412     4.110000000000000000e+02        0.000273949309
    388     3.870000000000000000e+02        0.000295437647
    261     2.600000000000000000e+02        0.000348789274
    354     3.530000000000000000e+02        0.000362889930
    403     4.020000000000000000e+02        0.000366405242
    274     2.730000000000000000e+02        0.000381867389
    356     3.550000000000000000e+02        0.000391139255
    418     4.170000000000000000e+02        0.000391139255
    394     3.930000000000000000e+02        0.000441163122
    290     2.890000000000000000e+02        0.000452296054
    294     2.930000000000000000e+02        0.000455653046
    311     3.100000000000000000e+02        0.000457708887
    339     3.380000000000000000e+02        0.000457708887
    372     3.710000000000000000e+02        0.000457708887
    381     3.800000000000000000e+02        0.000473152326
    299     2.980000000000000000e+02        0.000484520369
    282     2.810000000000000000e+02        0.000498962875
    392     3.910000000000000000e+02        0.000503001484
    340     3.390000000000000000e+02        0.000516137093
    430     4.290000000000000000e+02        0.000520177499
    307     3.060000000000000000e+02        0.000520274288
    416     4.150000000000000000e+02        0.000520274288
    384     3.830000000000000000e+02        0.000585802542
    371     3.700000000000000000e+02        0.000608650127
    368     3.670000000000000000e+02        0.000621515658
    362     3.610000000000000000e+02        0.000627215141
    363     3.620000000000000000e+02        0.000554971566
    366     3.650000000000000000e+02        0.000486753443
    393     3.920000000000000000e+02        0.000486753443
    399     3.980000000000000000e+02        0.000486753443
    427     4.260000000000000000e+02        0.000486753443
    438     4.370000000000000000e+02        0.000486753443
    447     4.460000000000000000e+02        0.000486753443
    385     3.840000000000000000e+02        0.000554971566
    414     4.130000000000000000e+02        0.000554971566
    437     4.360000000000000000e+02        0.000554971566
    446     4.450000000000000000e+02        0.000554971566
    387     3.860000000000000000e+02        0.000637224195
    325     3.240000000000000000e+02        0.000655336138
    389     3.880000000000000000e+02        0.000665036782
    295     2.940000000000000000e+02        0.000695494325
    252     2.510000000000000000e+02        0.000748627837
    260     2.590000000000000000e+02        0.000748627837
    262     2.610000000000000000e+02        0.000748627837
    268     2.670000000000000000e+02        0.000637967980
    273     2.720000000000000000e+02        0.000637967980
    286     2.850000000000000000e+02        0.000637967980
    288     2.870000000000000000e+02        0.000637967980
    289     2.880000000000000000e+02        0.000637967980
    279     2.780000000000000000e+02        0.000512763110
    296     2.950000000000000000e+02        0.000512763110
    313     3.120000000000000000e+02        0.000512763110
    333     3.320000000000000000e+02        0.000512763110
    341     3.400000000000000000e+02        0.000512763110
    281     2.800000000000000000e+02        0.000552607960
    297     2.960000000000000000e+02        0.000552607960
    346     3.450000000000000000e+02        0.000637967980
    257     2.560000000000000000e+02        0.000725368468
    266     2.650000000000000000e+02        0.000725368468
    308     3.070000000000000000e+02        0.000748627837
    345     3.440000000000000000e+02        0.000763185753
    271     2.700000000000000000e+02        0.000785818763
    254     2.530000000000000000e+02        0.000828530228
    337     3.360000000000000000e+02        0.000885894349
    278     2.770000000000000000e+02        0.000911971570
    293     2.920000000000000000e+02        0.000911971570
    270     2.690000000000000000e+02        0.000935976821
    253     2.520000000000000000e+02        0.000395836845
    284     2.830000000000000000e+02        0.000395836845
    287     2.860000000000000000e+02        0.000395836845
    292     2.910000000000000000e+02        0.000395836845
    300     2.990000000000000000e+02        0.000395836845
    303     3.020000000000000000e+02        0.000395836845
    320     3.190000000000000000e+02        0.000395836845
    322     3.210000000000000000e+02        0.000395836845
    326     3.250000000000000000e+02        0.000395836845
    332     3.310000000000000000e+02        0.000395836845
    255     2.540000000000000000e+02        0.000403086614
    276     2.750000000000000000e+02        0.000403086614
    317     3.160000000000000000e+02        0.000429494580
    312     3.110000000000000000e+02        0.000466379356
    256     2.550000000000000000e+02        0.000540488694
    302     3.010000000000000000e+02        0.000540488694
    314     3.130000000000000000e+02        0.000540488694
    334     3.330000000000000000e+02        0.000540488694
    263     2.620000000000000000e+02        0.000586583612
    280     2.790000000000000000e+02        0.000586583612
    283     2.820000000000000000e+02        0.000586583612
    310     3.090000000000000000e+02        0.000586583612
    265     2.640000000000000000e+02        0.000650820474
    350     3.490000000000000000e+02        0.000681784898
    321     3.200000000000000000e+02        0.000709757654
    318     3.170000000000000000e+02        0.000808572297
    259     2.580000000000000000e+02        0.000808572297
    264     2.630000000000000000e+02        0.000808572297
    272     2.710000000000000000e+02        0.000808572297
    298     2.970000000000000000e+02        0.000808572297
    309     3.080000000000000000e+02        0.000808572297
    304     3.030000000000000000e+02        0.001026190496
    269     2.680000000000000000e+02        0.001210082227
    251     2.500000000000000000e+02        0.001539258354
    285     2.840000000000000000e+02        0.001539258354
    338     3.370000000000000000e+02        0.001539258354
    277     2.760000000000000000e+02        0.001653087095
    305     3.040000000000000000e+02        0.001079100558
    316     3.150000000000000000e+02        0.001079100558
    323     3.220000000000000000e+02        0.001079100558
    329     3.280000000000000000e+02        0.001079100558
    330     3.290000000000000000e+02        0.001079100558
    331     3.300000000000000000e+02        0.001079100558
    335     3.340000000000000000e+02        0.001079100558
    336     3.350000000000000000e+02        0.001079100558
    348     3.470000000000000000e+02        0.001079100558
    349     3.480000000000000000e+02        0.001079100558
    319     3.180000000000000000e+02        0.001232343571
    301     3.000000000000000000e+02        0.001878967837
    306     3.050000000000000000e+02        0.001910331732
    848     8.470000000000000000e+02        0.015984526811
    847     8.460000000000000000e+02        0.000459181002
    902     9.010000000000000000e+02        0.000154109416
    993     9.920000000000000000e+02        0.000154109416
   1100     1.099000000000000000e+03        0.000154109416
    954     9.530000000000000000e+02        0.000154109416
    856     8.550000000000000000e+02        0.000154109416
   1033     1.032000000000000000e+03        0.000154109416
   1017     1.016000000000000000e+03        0.000154109416
    867     8.660000000000000000e+02        0.000154109416
    924     9.230000000000000000e+02        0.000154109416
    977     9.760000000000000000e+02        0.000154109416
   1103     1.102000000000000000e+03        0.000154911726
    938     9.370000000000000000e+02        0.000154911726
   1006     1.005000000000000000e+03        0.000154911726
    980     9.790000000000000000e+02        0.000154911726
   1092     1.091000000000000000e+03        0.000172550312
   1045     1.044000000000000000e+03        0.000172550312
    842     8.410000000000000000e+02        0.000172550312
    937     9.360000000000000000e+02        0.000172550312
    914     9.130000000000000000e+02        0.000173464602
   1139     1.138000000000000000e+03        0.000127489710
    846     8.450000000000000000e+02        0.000127489710
    944     9.430000000000000000e+02        0.000127489710
    879     8.780000000000000000e+02        0.000127489710
   1137     1.136000000000000000e+03        0.000127264108
   1060     1.059000000000000000e+03        0.000127264108
    919     9.180000000000000000e+02        0.000127264108
    965     9.640000000000000000e+02        0.000127264108
    992     9.910000000000000000e+02        0.000148088297
    961     9.600000000000000000e+02        0.000148088297
   1061     1.060000000000000000e+03        0.000148088297
    911     9.100000000000000000e+02        0.000148088297
    953     9.520000000000000000e+02        0.000171971028
    945     9.440000000000000000e+02        0.000171971028
   1041     1.040000000000000000e+03        0.000171971028
   1021     1.020000000000000000e+03        0.000171971028
   1040     1.039000000000000000e+03        0.000203752878
   1135     1.134000000000000000e+03        0.000203752878
   1032     1.031000000000000000e+03        0.000203752878
    862     8.610000000000000000e+02        0.000203752878
    907     9.060000000000000000e+02        0.000208997881
    903     9.020000000000000000e+02        0.000215003520
    946     9.450000000000000000e+02        0.000221909175
   1039     1.038000000000000000e+03        0.000221909175
    889     8.880000000000000000e+02        0.000237328301
   1044     1.043000000000000000e+03        0.000237328301
   1125     1.124000000000000000e+03        0.000237328301
   1115     1.114000000000000000e+03        0.000237328301
    976     9.750000000000000000e+02        0.000237328301
    994     9.930000000000000000e+02        0.000244482508
   1133     1.132000000000000000e+03        0.000244482508
   1114     1.113000000000000000e+03        0.000244482508
   1116     1.115000000000000000e+03        0.000255617510
    986     9.850000000000000000e+02        0.000219320207
    935     9.340000000000000000e+02        0.000219320207
    857     8.560000000000000000e+02        0.000174760274
    926     9.250000000000000000e+02        0.000127863872
   1123     1.122000000000000000e+03        0.000127863872
    904     9.030000000000000000e+02        0.000127863872
    988     9.870000000000000000e+02        0.000127863872
   1083     1.082000000000000000e+03        0.000127863872
   1036     1.035000000000000000e+03        0.000127863872
   1003     1.002000000000000000e+03        0.000127863872
   1009     1.008000000000000000e+03        0.000127863872
   1013     1.012000000000000000e+03        0.000127863872
   1136     1.135000000000000000e+03        0.000139247556
    971     9.700000000000000000e+02        0.000139859267
   1055     1.054000000000000000e+03        0.000141192898
   1027     1.026000000000000000e+03        0.000149741014
    886     8.850000000000000000e+02        0.000149741014
    920     9.190000000000000000e+02        0.000149741014
    913     9.120000000000000000e+02        0.000151708090
   1004     1.003000000000000000e+03        0.000151708090
   1117     1.116000000000000000e+03        0.000154787261
   1037     1.036000000000000000e+03        0.000154787261
   1098     1.097000000000000000e+03        0.000155334288
    888     8.870000000000000000e+02        0.000158317859
    878     8.770000000000000000e+02        0.000161060678
   1057     1.056000000000000000e+03        0.000170537715
   1085     1.084000000000000000e+03        0.000174624116
    921     9.200000000000000000e+02        0.000174624116
   1077     1.076000000000000000e+03        0.000147484123
   1104     1.103000000000000000e+03        0.000147484123
   1126     1.125000000000000000e+03        0.000147484123
   1023     1.022000000000000000e+03        0.000147484123
    984     9.830000000000000000e+02        0.000129635164
    900     8.990000000000000000e+02        0.000129635164
   1030     1.029000000000000000e+03        0.000129635164
    854     8.530000000000000000e+02        0.000129635164
    922     9.210000000000000000e+02        0.000129635164
    872     8.710000000000000000e+02        0.000129635164
    970     9.690000000000000000e+02        0.000139427406
   1112     1.111000000000000000e+03        0.000145194420
    885     8.840000000000000000e+02        0.000153381790
    966     9.650000000000000000e+02        0.000153381790
    930     9.290000000000000000e+02        0.000153381790
    917     9.160000000000000000e+02        0.000153381790
    934     9.330000000000000000e+02        0.000159109009
    995     9.940000000000000000e+02        0.000159109009
    898     8.970000000000000000e+02        0.000159109009
   1106     1.105000000000000000e+03        0.000159109009
    860     8.590000000000000000e+02        0.000159109009
   1082     1.081000000000000000e+03        0.000158211465
   1064     1.063000000000000000e+03        0.000158211465
    972     9.710000000000000000e+02        0.000158211465
    890     8.890000000000000000e+02        0.000158211465
    949     9.480000000000000000e+02        0.000158211465
   1038     1.037000000000000000e+03        0.000158211465
    981     9.800000000000000000e+02        0.000158211465
    997     9.960000000000000000e+02        0.000158211465
    855     8.540000000000000000e+02        0.000158211465
    873     8.720000000000000000e+02        0.000098528731
    845     8.440000000000000000e+02        0.000132889673
   1118     1.117000000000000000e+03        0.000167253983
   1084     1.083000000000000000e+03        0.000167253983
   1068     1.067000000000000000e+03        0.000180478127
    925     9.240000000000000000e+02        0.000180478127
   1072     1.071000000000000000e+03        0.000176783072
   1070     1.069000000000000000e+03        0.000176783072
   1124     1.123000000000000000e+03        0.000176783072
    858     8.570000000000000000e+02        0.000176783072
    969     9.680000000000000000e+02        0.000167736129
   1120     1.119000000000000000e+03        0.000167736129
    958     9.570000000000000000e+02        0.000167736129
   1015     1.014000000000000000e+03        0.000167736129
   1016     1.015000000000000000e+03        0.000167736129
    841     8.400000000000000000e+02        0.000176783072
    973     9.720000000000000000e+02        0.000176783072
    927     9.260000000000000000e+02        0.000176783072
   1007     1.006000000000000000e+03        0.000176783072
   1028     1.027000000000000000e+03        0.000184843823
    869     8.680000000000000000e+02        0.000185799559
    960     9.590000000000000000e+02        0.000194289712
   1049     1.048000000000000000e+03        0.000201680821
    870     8.690000000000000000e+02        0.000203192109
   1046     1.045000000000000000e+03        0.000179858585
   1008     1.007000000000000000e+03        0.000179858585
   1140     1.139000000000000000e+03        0.000179858585
   1024     1.023000000000000000e+03        0.000179858585
   1131     1.130000000000000000e+03        0.000179858585
    979     9.780000000000000000e+02        0.000179858585
    932     9.310000000000000000e+02        0.000179858585
   1053     1.052000000000000000e+03        0.000179858585
    962     9.610000000000000000e+02        0.000179858585
    896     8.950000000000000000e+02        0.000204482212
    956     9.550000000000000000e+02        0.000206319020
    931     9.300000000000000000e+02        0.000206319020
   1062     1.061000000000000000e+03        0.000206319020
   1138     1.137000000000000000e+03        0.000209711515
   1080     1.079000000000000000e+03        0.000209711515
    963     9.620000000000000000e+02        0.000209711515
   1097     1.096000000000000000e+03        0.000211297718
    864     8.630000000000000000e+02        0.000212141543
    859     8.580000000000000000e+02        0.000212141543
    982     9.810000000000000000e+02        0.000219320207
   1096     1.095000000000000000e+03        0.000219803150
   1102     1.101000000000000000e+03        0.000224405956
   1134     1.133000000000000000e+03        0.000227183004
   1108     1.107000000000000000e+03        0.000227183004
   1121     1.120000000000000000e+03        0.000227183004
    851     8.500000000000000000e+02        0.000192085373
   1019     1.018000000000000000e+03        0.000179754928
    928     9.270000000000000000e+02        0.000179754928
   1087     1.086000000000000000e+03        0.000179754928
   1002     1.001000000000000000e+03        0.000179754928
    985     9.840000000000000000e+02        0.000179754928
   1012     1.011000000000000000e+03        0.000179754928
   1020     1.019000000000000000e+03        0.000179754928
   1051     1.050000000000000000e+03        0.000179754928
   1059     1.058000000000000000e+03        0.000192085373
   1005     1.004000000000000000e+03        0.000192085373
    850     8.490000000000000000e+02        0.000241353782
   1101     1.100000000000000000e+03        0.000242764524
    863     8.620000000000000000e+02        0.000217253386
   1078     1.077000000000000000e+03        0.000217253386
    884     8.830000000000000000e+02        0.000217253386
    880     8.790000000000000000e+02        0.000217253386
    843     8.420000000000000000e+02        0.000217253386
    998     9.970000000000000000e+02        0.000217253386
    975     9.740000000000000000e+02        0.000217253386
    957     9.560000000000000000e+02        0.000235989573
   1111     1.110000000000000000e+03        0.000247357303
    989     9.880000000000000000e+02        0.000259600267
   1065     1.064000000000000000e+03        0.000259600267
    865     8.640000000000000000e+02        0.000261560454
    882     8.810000000000000000e+02        0.000261560454
   1014     1.013000000000000000e+03        0.000273849268
    943     9.420000000000000000e+02        0.000282112247
   1000     9.990000000000000000e+02        0.000295468560
    964     9.630000000000000000e+02        0.000295468560
    918     9.170000000000000000e+02        0.000295468560
   1050     1.049000000000000000e+03        0.000312325742
   1090     1.089000000000000000e+03        0.000323526487
   1127     1.126000000000000000e+03        0.000327038578
   1094     1.093000000000000000e+03        0.000351723893
    908     9.070000000000000000e+02        0.000286861039
    871     8.700000000000000000e+02        0.000286861039
    978     9.770000000000000000e+02        0.000286861039
    916     9.150000000000000000e+02        0.000286861039
    947     9.460000000000000000e+02        0.000286861039
   1110     1.109000000000000000e+03        0.000286861039
   1081     1.080000000000000000e+03        0.000286861039
    866     8.650000000000000000e+02        0.000370696459
   1001     1.000000000000000000e+03        0.000382156948
    868     8.670000000000000000e+02        0.000332648938
    948     9.470000000000000000e+02        0.000332648938
    987     9.860000000000000000e+02        0.000332648938
    952     9.510000000000000000e+02        0.000332648938
   1026     1.025000000000000000e+03        0.000332648938
   1042     1.041000000000000000e+03        0.000422464388
    881     8.800000000000000000e+02        0.000423505048
   1122     1.121000000000000000e+03        0.000429669620
   1054     1.053000000000000000e+03        0.000438951737
   1099     1.098000000000000000e+03        0.000438951737
   1052     1.051000000000000000e+03        0.000438951737
    895     8.940000000000000000e+02        0.000438951737
    951     9.500000000000000000e+02        0.000438951737
   1071     1.070000000000000000e+03        0.000438951737
    861     8.600000000000000000e+02        0.000438951737
    894     8.930000000000000000e+02        0.000382084014
   1091     1.090000000000000000e+03        0.000382084014
   1031     1.030000000000000000e+03        0.000382084014
   1095     1.094000000000000000e+03        0.000443098030
    883     8.820000000000000000e+02        0.000443679457
    940     9.390000000000000000e+02        0.000477406267
    899     8.980000000000000000e+02        0.000507453198
    941     9.400000000000000000e+02        0.000507453198
    967     9.660000000000000000e+02        0.000420617133
   1066     1.065000000000000000e+03        0.000420617133
   1069     1.068000000000000000e+03        0.000420617133
    999     9.980000000000000000e+02        0.000420617133
    991     9.900000000000000000e+02        0.000517304287
    909     9.080000000000000000e+02        0.000553370550
    905     9.040000000000000000e+02        0.000553370550
    974     9.730000000000000000e+02        0.000602888983
    936     9.350000000000000000e+02        0.000602888983
    853     8.520000000000000000e+02        0.000607438226
    950     9.490000000000000000e+02        0.000626591858
   1079     1.078000000000000000e+03        0.000637661005
   1093     1.092000000000000000e+03        0.000683400519
   1129     1.128000000000000000e+03        0.000776270427
    887     8.860000000000000000e+02        0.000776270427
    955     9.540000000000000000e+02        0.000776270427
   1075     1.074000000000000000e+03        0.000780082763
    897     8.960000000000000000e+02        0.000780082763
   1089     1.088000000000000000e+03        0.000711777514
    929     9.280000000000000000e+02        0.000711777514
   1018     1.017000000000000000e+03        0.000711777514
    968     9.670000000000000000e+02        0.000711777514
   1073     1.072000000000000000e+03        0.000711777514
   1113     1.112000000000000000e+03        0.000711777514
   1029     1.028000000000000000e+03        0.000711777514
    849     8.480000000000000000e+02        0.000711777514
   1010     1.009000000000000000e+03        0.000806810469
   1063     1.062000000000000000e+03        0.000806810469
    923     9.220000000000000000e+02        0.000806810469
   1048     1.047000000000000000e+03        0.000806810469
   1074     1.073000000000000000e+03        0.000863471201
    983     9.820000000000000000e+02        0.000931941288
   1034     1.033000000000000000e+03        0.000931941288
   1086     1.085000000000000000e+03        0.000983267172
    910     9.090000000000000000e+02        0.000996676851
    942     9.410000000000000000e+02        0.001048368785
    996     9.950000000000000000e+02        0.001048368785
   1025     1.024000000000000000e+03        0.001048368785
    990     9.890000000000000000e+02        0.001089349753
    876     8.750000000000000000e+02        0.001089349753
    892     8.910000000000000000e+02        0.001089349753
    891     8.900000000000000000e+02        0.001089349753
   1067     1.066000000000000000e+03        0.001089349753
    915     9.140000000000000000e+02        0.001266817349
   1058     1.057000000000000000e+03        0.001281485698
   1043     1.042000000000000000e+03        0.001281485698
   1130     1.129000000000000000e+03        0.001290168801
    901     9.000000000000000000e+02        0.001290168801
    939     9.380000000000000000e+02        0.001417478432
    906     9.050000000000000000e+02        0.001417478432
   1011     1.010000000000000000e+03        0.001417478432
    912     9.110000000000000000e+02        0.001417858437
    844     8.430000000000000000e+02        0.001539579356
   1022     1.021000000000000000e+03        0.001539579356
    933     9.320000000000000000e+02        0.001539579356
    893     8.920000000000000000e+02        0.001539579356
   1132     1.131000000000000000e+03        0.001569283597
   1107     1.106000000000000000e+03        0.001569283597
   1119     1.118000000000000000e+03        0.001667874607
    959     9.580000000000000000e+02        0.001868301406
    852     8.510000000000000000e+02        0.002301657841
   1056     1.055000000000000000e+03        0.003029691044
   1035     1.034000000000000000e+03        0.003278806189
   1047     1.046000000000000000e+03        0.003405952210
   1105     1.104000000000000000e+03        0.003820389811
    874     8.730000000000000000e+02        0.004214426491
   1109     1.108000000000000000e+03        0.004837030440
    877     8.760000000000000000e+02        0.005511879707
   1088     1.087000000000000000e+03        0.006458989559
   1076     1.075000000000000000e+03        0.009442928778
    875     8.740000000000000000e+02        0.014492103703
   1178     1.177000000000000000e+03        0.017769520538
   1175     1.174000000000000000e+03        0.000452702293
   1177     1.176000000000000000e+03        0.000306269177
   1174     1.173000000000000000e+03        0.000306269177
   1173     1.172000000000000000e+03        0.000306269177
   1179     1.178000000000000000e+03        0.000306269177
   1184     1.183000000000000000e+03        0.000212170249
   1182     1.181000000000000000e+03        0.000212170249
   1183     1.182000000000000000e+03        0.000212170249
   1176     1.175000000000000000e+03        0.000212170249
   1181     1.180000000000000000e+03        0.000212170249
   1180     1.179000000000000000e+03        0.000212170249
   1185     1.184000000000000000e+03        0.000223233302
   1172     1.171000000000000000e+03        0.000243254691
   1171     1.170000000000000000e+03        0.000243254691
   1170     1.169000000000000000e+03        0.000306269177
   1169     1.168000000000000000e+03        0.000434032423
   1187     1.186000000000000000e+03        0.000500421257
   1186     1.185000000000000000e+03        0.000500421257
   1166     1.165000000000000000e+03        0.000585352959
   1167     1.166000000000000000e+03        0.000585352959
   1168     1.167000000000000000e+03        0.000686798125
   1188     1.187000000000000000e+03        0.000799936530
   1189     1.188000000000000000e+03        0.000831286446
   1194     1.193000000000000000e+03        0.000831286446
   1195     1.194000000000000000e+03        0.000613157738
   1198     1.197000000000000000e+03        0.000613157738
   1202     1.201000000000000000e+03        0.000586470326
   1207     1.206000000000000000e+03        0.000452284715
   1206     1.205000000000000000e+03        0.000373553127
   1208     1.207000000000000000e+03        0.000300100169
   1200     1.199000000000000000e+03        0.000300100169
   1205     1.204000000000000000e+03        0.000300100169
   1201     1.200000000000000000e+03        0.000284845243
   1210     1.209000000000000000e+03        0.000284845243
   1203     1.202000000000000000e+03        0.000284845243
   1204     1.203000000000000000e+03        0.000284845243
   1209     1.208000000000000000e+03        0.000284845243
   1199     1.198000000000000000e+03        0.000341204930
   1197     1.196000000000000000e+03        0.000373553127
   1196     1.195000000000000000e+03        0.000468992371
   1211     1.210000000000000000e+03        0.000476168426
   1193     1.192000000000000000e+03        0.000574553024
   1212     1.211000000000000000e+03        0.000575222596
   1215     1.214000000000000000e+03        0.000575222596
   1214     1.213000000000000000e+03        0.000575222596
   1213     1.212000000000000000e+03        0.000575222596
   1191     1.190000000000000000e+03        0.000605639684
   1190     1.189000000000000000e+03        0.000605639684
   1192     1.191000000000000000e+03        0.000605639684
   1219     1.218000000000000000e+03        0.000915906226
   1220     1.219000000000000000e+03        0.000856516427
   1218     1.217000000000000000e+03        0.000555766995
   1227     1.226000000000000000e+03        0.000555766995
   1233     1.232000000000000000e+03        0.000336662834
   1234     1.233000000000000000e+03        0.000317292053
   1235     1.234000000000000000e+03        0.000317292053
   1237     1.236000000000000000e+03        0.000317292053
   1236     1.235000000000000000e+03        0.000317292053
   1232     1.231000000000000000e+03        0.000317292053
   1231     1.230000000000000000e+03        0.000317292053
   1230     1.229000000000000000e+03        0.000317292053
   1229     1.228000000000000000e+03        0.000317292053
   1223     1.222000000000000000e+03        0.000290427275
   1224     1.223000000000000000e+03        0.000290427275
   1228     1.227000000000000000e+03        0.000290427275
   1226     1.225000000000000000e+03        0.000265007129
   1225     1.224000000000000000e+03        0.000265007129
   1221     1.220000000000000000e+03        0.000357109047
   1222     1.221000000000000000e+03        0.000357109047
   1238     1.237000000000000000e+03        0.000478006020
   1217     1.216000000000000000e+03        0.000506608733
   1240     1.239000000000000000e+03        0.000642350710
   1239     1.238000000000000000e+03        0.000759869303
   1216     1.215000000000000000e+03        0.000778931067
   1164     1.163000000000000000e+03        0.001055658916
   1162     1.161000000000000000e+03        0.001061071749
   1165     1.164000000000000000e+03        0.000794286738
   1158     1.157000000000000000e+03        0.000794286738
   1157     1.156000000000000000e+03        0.000361740932
   1153     1.152000000000000000e+03        0.000361740932
   1149     1.148000000000000000e+03        0.000279295858
   1151     1.150000000000000000e+03        0.000279295858
   1150     1.149000000000000000e+03        0.000279295858
   1154     1.153000000000000000e+03        0.000279295858
   1152     1.151000000000000000e+03        0.000279295858
   1148     1.147000000000000000e+03        0.000272384112
   1147     1.146000000000000000e+03        0.000272384112
   1155     1.154000000000000000e+03        0.000272384112
   1159     1.158000000000000000e+03        0.000279295858
   1156     1.155000000000000000e+03        0.000279295858
   1146     1.145000000000000000e+03        0.000279844381
   1145     1.144000000000000000e+03        0.000284034316
   1161     1.160000000000000000e+03        0.000361740932
   1160     1.159000000000000000e+03        0.000361740932
   1163     1.162000000000000000e+03        0.000361740932
   1144     1.143000000000000000e+03        0.000423333385
   1143     1.142000000000000000e+03        0.000606207163
   1142     1.141000000000000000e+03        0.000729737608
   1141     1.140000000000000000e+03        0.000746736707
   1128     1.127000000000000000e+03        0.018644233561
    588     5.870000000000000000e+02        0.025718821461
    571     5.700000000000000000e+02        0.000864280957
    539     5.380000000000000000e+02        0.000621908752
    546     5.450000000000000000e+02        0.000621908752
    566     5.650000000000000000e+02        0.000621908752
    583     5.820000000000000000e+02        0.000621908752
    589     5.880000000000000000e+02        0.000621908752
    573     5.720000000000000000e+02        0.000621908752
    510     5.090000000000000000e+02        0.000621908752
    543     5.420000000000000000e+02        0.000621908752
    514     5.130000000000000000e+02        0.000621908752
    569     5.680000000000000000e+02        0.000749935015
    545     5.440000000000000000e+02        0.000749935015
    570     5.690000000000000000e+02        0.000749935015
    532     5.310000000000000000e+02        0.001275108495
    550     5.490000000000000000e+02        0.001275108495
    512     5.110000000000000000e+02        0.001350551935
    581     5.800000000000000000e+02        0.001705316355
    554     5.530000000000000000e+02        0.001705316355
    576     5.750000000000000000e+02        0.001949300424
    525     5.240000000000000000e+02        0.001894083459
    544     5.430000000000000000e+02        0.001894083459
    553     5.520000000000000000e+02        0.001762720343
    549     5.480000000000000000e+02        0.001485843056
    578     5.770000000000000000e+02        0.001485843056
    542     5.410000000000000000e+02        0.001485843056
    540     5.390000000000000000e+02        0.001485843056
    516     5.150000000000000000e+02        0.001485843056
    521     5.200000000000000000e+02        0.001561326267
    582     5.810000000000000000e+02        0.001561326267
    511     5.100000000000000000e+02        0.001364119170
    552     5.510000000000000000e+02        0.001364119170
    530     5.290000000000000000e+02        0.001364119170
    568     5.670000000000000000e+02        0.001364119170
    557     5.560000000000000000e+02        0.001364119170
    579     5.780000000000000000e+02        0.001105122701
    509     5.080000000000000000e+02        0.001105122701
    556     5.550000000000000000e+02        0.001105122701
    528     5.270000000000000000e+02        0.001105122701
    577     5.760000000000000000e+02        0.001105122701
    561     5.600000000000000000e+02        0.002085793931
    541     5.400000000000000000e+02        0.002098519467
    564     5.630000000000000000e+02        0.002193442995
    587     5.860000000000000000e+02        0.000440020931
    538     5.370000000000000000e+02        0.000415318909
    559     5.580000000000000000e+02        0.000415318909
    560     5.590000000000000000e+02        0.000415318909
    585     5.840000000000000000e+02        0.000415318909
    574     5.730000000000000000e+02        0.000415318909
    575     5.740000000000000000e+02        0.000415318909
    565     5.640000000000000000e+02        0.000364943231
    535     5.340000000000000000e+02        0.000364943231
    562     5.610000000000000000e+02        0.000364943231
    567     5.660000000000000000e+02        0.000412673131
    590     5.890000000000000000e+02        0.000412673131
    522     5.210000000000000000e+02        0.000653641705
    584     5.830000000000000000e+02        0.000662592170
    534     5.330000000000000000e+02        0.001596435144
    515     5.140000000000000000e+02        0.001243020614
    547     5.460000000000000000e+02        0.000637472045
    529     5.280000000000000000e+02        0.000637472045
    519     5.180000000000000000e+02        0.000637472045
    572     5.710000000000000000e+02        0.000637472045
    563     5.620000000000000000e+02        0.000637472045
    548     5.470000000000000000e+02        0.000622086854
    524     5.230000000000000000e+02        0.000622086854
    551     5.500000000000000000e+02        0.000622086854
    523     5.220000000000000000e+02        0.000622086854
    555     5.540000000000000000e+02        0.000622086854
    537     5.360000000000000000e+02        0.000622086854
    586     5.850000000000000000e+02        0.000934298391
    536     5.350000000000000000e+02        0.000934298391
    527     5.260000000000000000e+02        0.001021077482
    533     5.320000000000000000e+02        0.001898352672
    526     5.250000000000000000e+02        0.002419376035
    580     5.790000000000000000e+02        0.002419376035
    518     5.170000000000000000e+02        0.002530843073
    468     4.670000000000000000e+02        0.002631980998
    503     5.020000000000000000e+02        0.000335413058
    459     4.580000000000000000e+02        0.000152066523
    475     4.740000000000000000e+02        0.000141913144
    502     5.010000000000000000e+02        0.000141913144
    483     4.820000000000000000e+02        0.000141913144
    491     4.900000000000000000e+02        0.000141913144
    500     4.990000000000000000e+02        0.000134734451
    478     4.770000000000000000e+02        0.000134734451
    494     4.930000000000000000e+02        0.000134734451
    493     4.920000000000000000e+02        0.000112912799
    488     4.870000000000000000e+02        0.000112912799
    466     4.650000000000000000e+02        0.000112912799
    506     5.050000000000000000e+02        0.000112912799
    480     4.790000000000000000e+02        0.000112912799
    473     4.720000000000000000e+02        0.000131288347
    453     4.520000000000000000e+02        0.000145599057
    489     4.880000000000000000e+02        0.000152066523
    470     4.690000000000000000e+02        0.000165692023
    486     4.850000000000000000e+02        0.000182150910
    481     4.800000000000000000e+02        0.000182150910
    497     4.960000000000000000e+02        0.000182150910
    477     4.760000000000000000e+02        0.000182150910
    454     4.530000000000000000e+02        0.000183279599
    472     4.710000000000000000e+02        0.000188799223
    457     4.560000000000000000e+02        0.000205973313
    496     4.950000000000000000e+02        0.000205973313
    460     4.590000000000000000e+02        0.000205973313
    464     4.630000000000000000e+02        0.000223322653
    479     4.780000000000000000e+02        0.000230481338
    492     4.910000000000000000e+02        0.000238972889
    499     4.980000000000000000e+02        0.000241367428
    467     4.660000000000000000e+02        0.000241367428
    474     4.730000000000000000e+02        0.000241367428
    458     4.570000000000000000e+02        0.000241367428
    456     4.550000000000000000e+02        0.000241367428
    490     4.890000000000000000e+02        0.000241367428
    501     5.000000000000000000e+02        0.000241367428
    498     4.970000000000000000e+02        0.000241367428
    476     4.750000000000000000e+02        0.000241367428
    507     5.060000000000000000e+02        0.000253483475
    463     4.620000000000000000e+02        0.000253483475
    482     4.810000000000000000e+02        0.000251894075
    471     4.700000000000000000e+02        0.000251894075
    469     4.680000000000000000e+02        0.000251894075
    487     4.860000000000000000e+02        0.000251894075
    465     4.640000000000000000e+02        0.000333702762
    504     5.030000000000000000e+02        0.000341339598
    462     4.610000000000000000e+02        0.000361327436
    451     4.500000000000000000e+02        0.000366035357
    508     5.070000000000000000e+02        0.000366035357
    455     4.540000000000000000e+02        0.000366035357
    505     5.040000000000000000e+02        0.000369817648
    485     4.840000000000000000e+02        0.000437569402
    484     4.830000000000000000e+02        0.000449749048
    452     4.510000000000000000e+02        0.000480340273
    495     4.940000000000000000e+02        0.000486845736
    461     4.600000000000000000e+02        0.000584888969
    513     5.120000000000000000e+02        0.002646125681
    531     5.300000000000000000e+02        0.002663802692
    558     5.570000000000000000e+02        0.002707677331
    517     5.160000000000000000e+02        0.002715202182
    520     5.190000000000000000e+02        0.002730294240
     18     1.700000000000000000e+01        0.029541858491
